-6.935501098632812500e-02	5.587161445617675609e-02	-5.729223728179931585e-03
-1.860453643798828105e-01	-3.113018703460693551e-02	-5.729223728179931585e-03
-3.977595520019531206e-01	-4.350537109375000183e-02	-5.729223728179931585e-03
-7.548112792968749707e-01	-4.350537109375000183e-02	-5.729223728179931585e-03
-1.254811279296875082e+00	-4.350537109375000183e-02	-5.729223728179931585e-03
-1.754811279296875082e+00	-4.350537109375000183e-02	-5.729223728179931585e-03
-2.254811279296875082e+00	-4.350537109375000183e-02	-5.729223728179931585e-03
-2.754811279296875082e+00	-4.350537109375000183e-02	-5.729223728179931585e-03
-3.254811279296875082e+00	-4.350537109375000183e-02	-5.729223728179931585e-03
-3.754811279296875082e+00	-4.350537109375000183e-02	-5.729223728179931585e-03
-4.254811035156250476e+00	-4.350537109375000183e-02	-5.729223728179931585e-03
-4.754811035156250476e+00	-4.350537109375000183e-02	-5.729223728179931585e-03
-5.254811035156250476e+00	-4.350537109375000183e-02	-5.729223728179931585e-03
-5.754811035156250476e+00	-4.350537109375000183e-02	-5.729223728179931585e-03
-6.254811035156250476e+00	-4.350537109375000183e-02	-5.729223728179931585e-03
-6.754811035156250476e+00	-4.350537109375000183e-02	-5.729223728179931585e-03
-7.115639877319336615e-02	5.500271224975585710e-02	-5.729223728179931585e-03
-1.842858276367187464e-01	-3.017955398559570360e-02	-5.729223728179931585e-03
-1.878273544311523380e-01	-3.203802776336669988e-02	-5.729223728179931585e-03
-3.957595520019531188e-01	-4.350537109375000183e-02	-5.729223728179931585e-03
-3.997595520019531223e-01	-4.350537109375000183e-02	-5.729223728179931585e-03
-7.528112792968749689e-01	-4.350537109375000183e-02	-5.729223728179931585e-03
-7.568112792968749725e-01	-4.350537109375000183e-02	-5.729223728179931585e-03
-1.252811279296875080e+00	-4.350537109375000183e-02	-5.729223728179931585e-03
-1.256811279296875083e+00	-4.350537109375000183e-02	-5.729223728179931585e-03
-1.752811279296875080e+00	-4.350537109375000183e-02	-5.729223728179931585e-03
-1.756811279296875083e+00	-4.350537109375000183e-02	-5.729223728179931585e-03
-2.252811279296874858e+00	-4.350537109375000183e-02	-5.729223728179931585e-03
-2.256811279296874861e+00	-4.350537109375000183e-02	-5.729223728179931585e-03
-2.752811279296874858e+00	-4.350537109375000183e-02	-5.729223728179931585e-03
-2.756811279296874861e+00	-4.350537109375000183e-02	-5.729223728179931585e-03
-3.252811279296874858e+00	-4.350537109375000183e-02	-5.729223728179931585e-03
-3.256811279296874861e+00	-4.350537109375000183e-02	-5.729223728179931585e-03
-3.752811279296874858e+00	-4.350537109375000183e-02	-5.729223728179931585e-03
-3.756811279296874861e+00	-4.350537109375000183e-02	-5.729223728179931585e-03
-4.252811035156249808e+00	-4.350537109375000183e-02	-5.729223728179931585e-03
-4.256811035156250256e+00	-4.350537109375000183e-02	-5.729223728179931585e-03
-4.752811035156249808e+00	-4.350537109375000183e-02	-5.729223728179931585e-03
-4.756811035156250256e+00	-4.350537109375000183e-02	-5.729223728179931585e-03
-5.252811035156249808e+00	-4.350537109375000183e-02	-5.729223728179931585e-03
-5.256811035156250256e+00	-4.350537109375000183e-02	-5.729223728179931585e-03
-5.752811035156249808e+00	-4.350537109375000183e-02	-5.729223728179931585e-03
-5.756811035156250256e+00	-4.350537109375000183e-02	-5.729223728179931585e-03
-6.252811035156249808e+00	-4.350537109375000183e-02	-5.729223728179931585e-03
-6.256811035156250256e+00	-4.350537109375000183e-02	-5.729223728179931585e-03
-6.752811035156249808e+00	-4.350537109375000183e-02	-5.729223728179931585e-03
-7.716334533691406039e-02	5.215371894836425687e-02	-5.729223728179931585e-03
-1.785982513427734342e-01	-2.674403572082519748e-02	-5.729223728179931585e-03
-1.960714721679687467e-01	-3.558331298828124739e-02	-5.729223728179931585e-03
-3.867771148681640736e-01	-4.350537109375000183e-02	-5.729223728179931585e-03
-4.137563629150390887e-01	-4.350537109375000183e-02	-5.729223728179931585e-03
-7.388144531250000480e-01	-4.350537109375000183e-02	-5.729223728179931585e-03
-7.758112792968749893e-01	-4.350537109375000183e-02	-5.729223728179931585e-03
-1.233811279296874952e+00	-4.350537109375000183e-02	-5.729223728179931585e-03
-1.275811279296874989e+00	-4.350537109375000183e-02	-5.729223728179931585e-03
-1.733811279296874952e+00	-4.350537109375000183e-02	-5.729223728179931585e-03
-1.775811279296874989e+00	-4.350537109375000183e-02	-5.729223728179931585e-03
-2.233811279296875174e+00	-4.350537109375000183e-02	-5.729223728179931585e-03
-2.275811279296874989e+00	-4.350537109375000183e-02	-5.729223728179931585e-03
-2.733811279296875174e+00	-4.350537109375000183e-02	-5.729223728179931585e-03
-2.775811279296874989e+00	-4.350537109375000183e-02	-5.729223728179931585e-03
-3.233811279296875174e+00	-4.350537109375000183e-02	-5.729223728179931585e-03
-3.275811279296874989e+00	-4.350537109375000183e-02	-5.729223728179931585e-03
-3.733811279296875174e+00	-4.350537109375000183e-02	-5.729223728179931585e-03
-3.775811279296874989e+00	-4.350537109375000183e-02	-5.729223728179931585e-03
-4.233811035156249680e+00	-4.350537109375000183e-02	-5.729223728179931585e-03
-4.275811035156250384e+00	-4.350537109375000183e-02	-5.729223728179931585e-03
-4.733811035156249680e+00	-4.350537109375000183e-02	-5.729223728179931585e-03
-4.775811035156250384e+00	-4.350537109375000183e-02	-5.729223728179931585e-03
-5.233811035156249680e+00	-4.350537109375000183e-02	-5.729223728179931585e-03
-5.275811035156250384e+00	-4.350537109375000183e-02	-5.729223728179931585e-03
-5.733811035156249680e+00	-4.350537109375000183e-02	-5.729223728179931585e-03
-5.775811035156250384e+00	-4.350537109375000183e-02	-5.729223728179931585e-03
-6.233811035156250568e+00	-4.350537109375000183e-02	-5.729223728179931585e-03
-6.275811035156250384e+00	-4.350537109375000183e-02	-5.729223728179931585e-03
-6.733811035156250568e+00	-4.350537109375000183e-02	-5.729223728179931585e-03
-9.078962707519531994e-02	4.563307952880859414e-02	-5.729223728179931585e-03
-1.081989097595214833e-01	3.604733371734619024e-02	-5.729223728179931585e-03
-1.240788192749023439e-01	2.417834854125976499e-02	-5.729223728179931585e-03
-1.383218154907226716e-01	1.029987490177154512e-02	-5.729223728179931585e-03
-1.519963531494140652e-01	-4.176887392997741776e-03	-5.729223728179931585e-03
-1.665484313964843699e-01	-1.770376634597778387e-02	-5.729223728179931585e-03
-2.174468307495117103e-01	-4.090357208251953203e-02	-5.729223728179931585e-03
-2.466545028686523422e-01	-4.342969131469726768e-02	-5.729223728179931585e-03
-2.761295318603515514e-01	-4.350537109375000183e-02	-5.729223728179931585e-03
-3.056052856445312660e-01	-4.350537109375000183e-02	-5.729223728179931585e-03
-3.350810394287109251e-01	-4.350537109375000183e-02	-5.729223728179931585e-03
-3.645567932128906397e-01	-4.350537109375000183e-02	-5.729223728179931585e-03
-4.512585449218750044e-01	-4.350537109375000183e-02	-5.729223728179931585e-03
-5.012692871093750169e-01	-4.350537109375000183e-02	-5.729223728179931585e-03
-5.512800292968750293e-01	-4.350537109375000183e-02	-5.729223728179931585e-03
-6.012907714843750417e-01	-4.350537109375000183e-02	-5.729223728179931585e-03
-6.513015136718750542e-01	-4.350537109375000183e-02	-5.729223728179931585e-03
-7.013122558593750666e-01	-4.350537109375000183e-02	-5.729223728179931585e-03
-8.285612792968750639e-01	-4.350537109375000183e-02	-5.729223728179931585e-03
-8.990612792968750711e-01	-4.350537109375000183e-02	-5.729223728179931585e-03
-9.695612792968749671e-01	-4.350537109375000183e-02	-5.729223728179931585e-03
-1.040061279296875085e+00	-4.350537109375000183e-02	-5.729223728179931585e-03
-1.110561279296875092e+00	-4.350537109375000183e-02	-5.729223728179931585e-03
-1.181061279296875099e+00	-4.350537109375000183e-02	-5.729223728179931585e-03
-1.328561279296875064e+00	-4.350537109375000183e-02	-5.729223728179931585e-03
-1.399061279296875071e+00	-4.350537109375000183e-02	-5.729223728179931585e-03
-1.469561279296875078e+00	-4.350537109375000183e-02	-5.729223728179931585e-03
-1.540061279296875085e+00	-4.350537109375000183e-02	-5.729223728179931585e-03
-1.610561279296875092e+00	-4.350537109375000183e-02	-5.729223728179931585e-03
-1.681061279296875099e+00	-4.350537109375000183e-02	-5.729223728179931585e-03
-1.828561279296875064e+00	-4.350537109375000183e-02	-5.729223728179931585e-03
-1.899061279296875071e+00	-4.350537109375000183e-02	-5.729223728179931585e-03
-1.969561279296875078e+00	-4.350537109375000183e-02	-5.729223728179931585e-03
-2.040061279296875085e+00	-4.350537109375000183e-02	-5.729223728179931585e-03
-2.110561279296875092e+00	-4.350537109375000183e-02	-5.729223728179931585e-03
-2.181061279296875099e+00	-4.350537109375000183e-02	-5.729223728179931585e-03
-2.328561279296875064e+00	-4.350537109375000183e-02	-5.729223728179931585e-03
-2.399061279296875071e+00	-4.350537109375000183e-02	-5.729223728179931585e-03
-2.469561279296875078e+00	-4.350537109375000183e-02	-5.729223728179931585e-03
-2.540061279296875085e+00	-4.350537109375000183e-02	-5.729223728179931585e-03
-2.610561279296875092e+00	-4.350537109375000183e-02	-5.729223728179931585e-03
-2.681061279296875099e+00	-4.350537109375000183e-02	-5.729223728179931585e-03
-2.828561279296875064e+00	-4.350537109375000183e-02	-5.729223728179931585e-03
-2.899061279296875071e+00	-4.350537109375000183e-02	-5.729223728179931585e-03
-2.969561279296875078e+00	-4.350537109375000183e-02	-5.729223728179931585e-03
-3.040061279296875085e+00	-4.350537109375000183e-02	-5.729223728179931585e-03
-3.110561279296875092e+00	-4.350537109375000183e-02	-5.729223728179931585e-03
-3.181061279296875099e+00	-4.350537109375000183e-02	-5.729223728179931585e-03
-3.328561279296875064e+00	-4.350537109375000183e-02	-5.729223728179931585e-03
-3.399061279296875071e+00	-4.350537109375000183e-02	-5.729223728179931585e-03
-3.469561279296875078e+00	-4.350537109375000183e-02	-5.729223728179931585e-03
-3.540061279296875085e+00	-4.350537109375000183e-02	-5.729223728179931585e-03
-3.610561279296875092e+00	-4.350537109375000183e-02	-5.729223728179931585e-03
-3.681061279296875099e+00	-4.350537109375000183e-02	-5.729223728179931585e-03
-3.828561279296875064e+00	-4.350537109375000183e-02	-5.729223728179931585e-03
-3.899061279296875071e+00	-4.350537109375000183e-02	-5.729223728179931585e-03
-3.969561279296875078e+00	-4.350537109375000183e-02	-5.729223728179931585e-03
-4.040061279296875085e+00	-4.350537109375000183e-02	-5.729223728179931585e-03
-4.110561157226563012e+00	-4.350537109375000183e-02	-5.729223728179931585e-03
-4.181061035156250050e+00	-4.350537109375000183e-02	-5.729223728179931585e-03
-4.328561035156250014e+00	-4.350537109375000183e-02	-5.729223728179931585e-03
-4.399061035156250021e+00	-4.350537109375000183e-02	-5.729223728179931585e-03
-4.469561035156250028e+00	-4.350537109375000183e-02	-5.729223728179931585e-03
-4.540061035156250036e+00	-4.350537109375000183e-02	-5.729223728179931585e-03
-4.610561035156250043e+00	-4.350537109375000183e-02	-5.729223728179931585e-03
-4.681061035156250050e+00	-4.350537109375000183e-02	-5.729223728179931585e-03
-4.828561035156250014e+00	-4.350537109375000183e-02	-5.729223728179931585e-03
-4.899061035156250021e+00	-4.350537109375000183e-02	-5.729223728179931585e-03
-4.969561035156250028e+00	-4.350537109375000183e-02	-5.729223728179931585e-03
-5.040061035156250036e+00	-4.350537109375000183e-02	-5.729223728179931585e-03
-5.110561035156250043e+00	-4.350537109375000183e-02	-5.729223728179931585e-03
-5.181061035156250050e+00	-4.350537109375000183e-02	-5.729223728179931585e-03
-5.328561035156250014e+00	-4.350537109375000183e-02	-5.729223728179931585e-03
-5.399061035156250021e+00	-4.350537109375000183e-02	-5.729223728179931585e-03
-5.469561035156250028e+00	-4.350537109375000183e-02	-5.729223728179931585e-03
-5.540061035156250036e+00	-4.350537109375000183e-02	-5.729223728179931585e-03
-5.610561035156250043e+00	-4.350537109375000183e-02	-5.729223728179931585e-03
-5.681061035156250050e+00	-4.350537109375000183e-02	-5.729223728179931585e-03
-5.828561035156250014e+00	-4.350537109375000183e-02	-5.729223728179931585e-03
-5.899061035156250021e+00	-4.350537109375000183e-02	-5.729223728179931585e-03
-5.969561035156250028e+00	-4.350537109375000183e-02	-5.729223728179931585e-03
-6.040061035156250036e+00	-4.350537109375000183e-02	-5.729223728179931585e-03
-6.110561035156250043e+00	-4.350537109375000183e-02	-5.729223728179931585e-03
-6.181061035156250050e+00	-4.350537109375000183e-02	-5.729223728179931585e-03
-6.328561035156250014e+00	-4.350537109375000183e-02	-5.729223728179931585e-03
-6.399061035156250021e+00	-4.350537109375000183e-02	-5.729223728179931585e-03
-6.469561035156250028e+00	-4.350537109375000183e-02	-5.729223728179931585e-03
-6.540061035156250036e+00	-4.350537109375000183e-02	-5.729223728179931585e-03
-6.610561035156250043e+00	-4.350537109375000183e-02	-5.729223728179931585e-03
-6.681061035156250050e+00	-4.350537109375000183e-02	-5.729223728179931585e-03
-6.819002151489257646e-02	5.574296569824219172e-02	-5.729223728179931585e-03
-4.164847493171692019e-03	1.540217971801757790e-02	-5.729223728179931585e-03
5.341442298889160362e-02	-3.369608116149902521e-02	-5.729223728179931585e-03
1.282368164062500093e-01	-4.350537109375000183e-02	-5.729223728179931585e-03
2.045278472900390609e-01	-4.350537109375000183e-02	-5.729223728179931585e-03
2.808188781738281126e-01	-4.350537109375000183e-02	-5.729223728179931585e-03
3.571099243164062575e-01	-4.350537109375000183e-02	-5.729223728179931585e-03
4.334009704589844025e-01	-4.350537109375000183e-02	-5.729223728179931585e-03
5.096919860839843608e-01	-4.350537109375000183e-02	-5.729223728179931585e-03
5.859830322265625613e-01	-4.350537109375000183e-02	-5.729223728179931585e-03
6.622740478515625195e-01	-4.350537109375000183e-02	-5.729223728179931585e-03
7.385651245117187402e-01	-4.350537109375000183e-02	-5.729223728179931585e-03
8.148561401367188095e-01	-4.350537109375000183e-02	-5.729223728179931585e-03
8.911471557617187678e-01	-4.350537109375000183e-02	-5.729223728179931585e-03
9.674381713867187260e-01	-4.350537109375000183e-02	-5.729223728179931585e-03
1.043729248046874947e+00	-4.350537109375000183e-02	-5.729223728179931585e-03
1.120020263671875016e+00	-4.350537109375000183e-02	-5.729223728179931585e-03
1.196311279296875085e+00	-4.350537109375000183e-02	-5.729223728179931585e-03
1.272602294921874932e+00	-4.350537109375000183e-02	-5.729223728179931585e-03
1.348893432617187527e+00	-4.350537109375000183e-02	-5.729223728179931585e-03
1.425184448242187596e+00	-4.350537109375000183e-02	-5.729223728179931585e-03
1.501475463867187443e+00	-4.350537109375000183e-02	-5.729223728179931585e-03
1.577766479492187512e+00	-4.350537109375000183e-02	-5.729223728179931585e-03
1.654057495117187582e+00	-4.350537109375000183e-02	-5.729223728179931585e-03
1.730348510742187429e+00	-4.350537109375000183e-02	-5.729223728179931585e-03
1.806639526367187498e+00	-4.350537109375000183e-02	-5.729223728179931585e-03
1.882930664062500092e+00	-4.350537109375000183e-02	-5.729223728179931585e-03
1.959221679687499940e+00	-4.350537109375000183e-02	-5.729223728179931585e-03
2.035512695312500231e+00	-4.350537109375000183e-02	-5.729223728179931585e-03
2.111803710937500078e+00	-4.350537109375000183e-02	-5.729223728179931585e-03
2.188094726562499925e+00	-4.350537109375000183e-02	-5.729223728179931585e-03
2.264385742187500217e+00	-4.350537109375000183e-02	-5.729223728179931585e-03
2.340676757812500064e+00	-4.350537109375000183e-02	-5.729223728179931585e-03
2.416967773437499911e+00	-4.350537109375000183e-02	-5.729223728179931585e-03
2.493258789062500203e+00	-4.350537109375000183e-02	-5.729223728179931585e-03
2.569549804687500050e+00	-4.350537109375000183e-02	-5.729223728179931585e-03
2.645841064453124947e+00	-4.350537109375000183e-02	-5.729223728179931585e-03
2.722132080078125238e+00	-4.350537109375000183e-02	-5.729223728179931585e-03
2.798423095703125085e+00	-4.350537109375000183e-02	-5.729223728179931585e-03
2.874714111328124932e+00	-4.350537109375000183e-02	-5.729223728179931585e-03
2.951005126953125224e+00	-4.350537109375000183e-02	-5.729223728179931585e-03
3.027296142578125071e+00	-4.350537109375000183e-02	-5.729223728179931585e-03
3.103587158203124918e+00	-4.350537109375000183e-02	-5.729223728179931585e-03
3.179878173828125210e+00	-4.350537109375000183e-02	-5.729223728179931585e-03
3.256169189453125057e+00	-4.350537109375000183e-02	-5.729223728179931585e-03
3.332460205078124904e+00	-4.350537109375000183e-02	-5.729223728179931585e-03
3.408751220703125195e+00	-4.350537109375000183e-02	-5.729223728179931585e-03
3.485042236328125043e+00	-4.350537109375000183e-02	-5.729223728179931585e-03
3.561333251953124890e+00	-4.350537109375000183e-02	-5.729223728179931585e-03
3.637624511718750231e+00	-4.350537109375000183e-02	-5.729223728179931585e-03
3.713915527343750078e+00	-4.350537109375000183e-02	-5.729223728179931585e-03
3.790206542968749925e+00	-4.350537109375000183e-02	-5.729223728179931585e-03
3.866497558593750217e+00	-4.350537109375000183e-02	-5.729223728179931585e-03
3.942788574218750064e+00	-4.350537109375000183e-02	-5.729223728179931585e-03
4.019079589843750355e+00	-4.350537109375000183e-02	-5.729223728179931585e-03
4.095370605468749758e+00	-4.350537109375000183e-02	-5.729223728179931585e-03
4.171661621093750050e+00	-4.350537109375000183e-02	-5.729223728179931585e-03
4.247952636718750341e+00	-4.350537109375000183e-02	-5.729223728179931585e-03
4.324243652343749744e+00	-4.350537109375000183e-02	-5.729223728179931585e-03
4.400534667968750036e+00	-4.350537109375000183e-02	-5.729223728179931585e-03
4.476825683593750327e+00	-4.350537109375000183e-02	-5.729223728179931585e-03
4.553116699218749730e+00	-4.350537109375000183e-02	-5.729223728179931585e-03
4.629407714843750021e+00	-4.350537109375000183e-02	-5.729223728179931585e-03
4.705698730468750313e+00	-4.350537109375000183e-02	-5.729223728179931585e-03
4.781989746093749716e+00	-4.350537109375000183e-02	-5.729223728179931585e-03
4.858280761718750007e+00	-4.350537109375000183e-02	-5.729223728179931585e-03
4.934571777343750298e+00	-4.350537109375000183e-02	-5.729223728179931585e-03
5.010862792968749702e+00	-4.350537109375000183e-02	-5.729223728179931585e-03
5.087154296875000092e+00	-4.350537109375000183e-02	-5.729223728179931585e-03
-6.638826370239257757e-02	5.487483024597167997e-02	-5.729223728179931585e-03
-5.564296722412109125e-03	1.683096694946288954e-02	-5.729223728179931585e-03
-2.781460940837860232e-03	1.395781517028808587e-02	-5.729223728179931585e-03
5.161263465881348045e-02	-3.282821655273437250e-02	-5.729223728179931585e-03
5.523632621765137141e-02	-3.452090072631835982e-02	-5.729223728179931585e-03
1.262368164062500075e-01	-4.350537109375000183e-02	-5.729223728179931585e-03
1.302368164062500111e-01	-4.350537109375000183e-02	-5.729223728179931585e-03
2.025278472900390592e-01	-4.350537109375000183e-02	-5.729223728179931585e-03
2.065278472900390627e-01	-4.350537109375000183e-02	-5.729223728179931585e-03
2.788188781738281108e-01	-4.350537109375000183e-02	-5.729223728179931585e-03
2.828188781738281143e-01	-4.350537109375000183e-02	-5.729223728179931585e-03
3.551099243164062558e-01	-4.350537109375000183e-02	-5.729223728179931585e-03
3.591099243164062593e-01	-4.350537109375000183e-02	-5.729223728179931585e-03
4.314009704589844008e-01	-4.350537109375000183e-02	-5.729223728179931585e-03
4.354009704589844043e-01	-4.350537109375000183e-02	-5.729223728179931585e-03
5.076919860839843590e-01	-4.350537109375000183e-02	-5.729223728179931585e-03
5.116920013427734837e-01	-4.350537109375000183e-02	-5.729223728179931585e-03
5.839830322265625595e-01	-4.350537109375000183e-02	-5.729223728179931585e-03
5.879830322265625631e-01	-4.350537109375000183e-02	-5.729223728179931585e-03
6.602740478515625178e-01	-4.350537109375000183e-02	-5.729223728179931585e-03
6.642740478515625213e-01	-4.350537109375000183e-02	-5.729223728179931585e-03
7.365651245117187385e-01	-4.350537109375000183e-02	-5.729223728179931585e-03
7.405651245117187420e-01	-4.350537109375000183e-02	-5.729223728179931585e-03
8.128561401367188077e-01	-4.350537109375000183e-02	-5.729223728179931585e-03
8.168561401367188113e-01	-4.350537109375000183e-02	-5.729223728179931585e-03
8.891471557617187660e-01	-4.350537109375000183e-02	-5.729223728179931585e-03
8.931471557617187695e-01	-4.350537109375000183e-02	-5.729223728179931585e-03
9.654381713867187242e-01	-4.350537109375000183e-02	-5.729223728179931585e-03
9.694381713867187278e-01	-4.350537109375000183e-02	-5.729223728179931585e-03
1.041729248046874945e+00	-4.350537109375000183e-02	-5.729223728179931585e-03
1.045729248046874948e+00	-4.350537109375000183e-02	-5.729223728179931585e-03
1.118020263671875014e+00	-4.350537109375000183e-02	-5.729223728179931585e-03
1.122020263671875018e+00	-4.350537109375000183e-02	-5.729223728179931585e-03
1.194311279296875083e+00	-4.350537109375000183e-02	-5.729223728179931585e-03
1.198311279296875087e+00	-4.350537109375000183e-02	-5.729223728179931585e-03
1.270602294921874931e+00	-4.350537109375000183e-02	-5.729223728179931585e-03
1.274602294921874934e+00	-4.350537109375000183e-02	-5.729223728179931585e-03
1.346893432617187525e+00	-4.350537109375000183e-02	-5.729223728179931585e-03
1.350893432617187528e+00	-4.350537109375000183e-02	-5.729223728179931585e-03
1.423184448242187594e+00	-4.350537109375000183e-02	-5.729223728179931585e-03
1.427184448242187598e+00	-4.350537109375000183e-02	-5.729223728179931585e-03
1.499475463867187441e+00	-4.350537109375000183e-02	-5.729223728179931585e-03
1.503475463867187445e+00	-4.350537109375000183e-02	-5.729223728179931585e-03
1.575766479492187511e+00	-4.350537109375000183e-02	-5.729223728179931585e-03
1.579766479492187514e+00	-4.350537109375000183e-02	-5.729223728179931585e-03
1.652057495117187580e+00	-4.350537109375000183e-02	-5.729223728179931585e-03
1.656057495117187583e+00	-4.350537109375000183e-02	-5.729223728179931585e-03
1.728348510742187427e+00	-4.350537109375000183e-02	-5.729223728179931585e-03
1.732348510742187431e+00	-4.350537109375000183e-02	-5.729223728179931585e-03
1.804639526367187496e+00	-4.350537109375000183e-02	-5.729223728179931585e-03
1.808639526367187500e+00	-4.350537109375000183e-02	-5.729223728179931585e-03
1.880930664062500091e+00	-4.350537109375000183e-02	-5.729223728179931585e-03
1.884930664062500094e+00	-4.350537109375000183e-02	-5.729223728179931585e-03
1.957221679687499938e+00	-4.350537109375000183e-02	-5.729223728179931585e-03
1.961221679687499941e+00	-4.350537109375000183e-02	-5.729223728179931585e-03
2.033512695312500007e+00	-4.350537109375000183e-02	-5.729223728179931585e-03
2.037512695312500011e+00	-4.350537109375000183e-02	-5.729223728179931585e-03
2.109803710937499854e+00	-4.350537109375000183e-02	-5.729223728179931585e-03
2.113803710937499858e+00	-4.350537109375000183e-02	-5.729223728179931585e-03
2.186094726562500146e+00	-4.350537109375000183e-02	-5.729223728179931585e-03
2.190094726562500149e+00	-4.350537109375000183e-02	-5.729223728179931585e-03
2.262385742187499993e+00	-4.350537109375000183e-02	-5.729223728179931585e-03
2.266385742187499996e+00	-4.350537109375000183e-02	-5.729223728179931585e-03
2.338676757812499840e+00	-4.350537109375000183e-02	-5.729223728179931585e-03
2.342676757812499844e+00	-4.350537109375000183e-02	-5.729223728179931585e-03
2.414967773437500131e+00	-4.350537109375000183e-02	-5.729223728179931585e-03
2.418967773437500135e+00	-4.350537109375000183e-02	-5.729223728179931585e-03
2.491258789062499979e+00	-4.350537109375000183e-02	-5.729223728179931585e-03
2.495258789062499982e+00	-4.350537109375000183e-02	-5.729223728179931585e-03
2.567549804687500270e+00	-4.350537109375000183e-02	-5.729223728179931585e-03
2.571549804687500274e+00	-4.350537109375000183e-02	-5.729223728179931585e-03
2.643841064453125167e+00	-4.350537109375000183e-02	-5.729223728179931585e-03
2.647841064453125171e+00	-4.350537109375000183e-02	-5.729223728179931585e-03
2.720132080078125014e+00	-4.350537109375000183e-02	-5.729223728179931585e-03
2.724132080078125018e+00	-4.350537109375000183e-02	-5.729223728179931585e-03
2.796423095703124861e+00	-4.350537109375000183e-02	-5.729223728179931585e-03
2.800423095703124865e+00	-4.350537109375000183e-02	-5.729223728179931585e-03
2.872714111328125153e+00	-4.350537109375000183e-02	-5.729223728179931585e-03
2.876714111328125156e+00	-4.350537109375000183e-02	-5.729223728179931585e-03
2.949005126953125000e+00	-4.350537109375000183e-02	-5.729223728179931585e-03
2.953005126953125004e+00	-4.350537109375000183e-02	-5.729223728179931585e-03
3.025296142578124847e+00	-4.350537109375000183e-02	-5.729223728179931585e-03
3.029296142578124851e+00	-4.350537109375000183e-02	-5.729223728179931585e-03
3.101587158203125139e+00	-4.350537109375000183e-02	-5.729223728179931585e-03
3.105587158203125142e+00	-4.350537109375000183e-02	-5.729223728179931585e-03
3.177878173828124986e+00	-4.350537109375000183e-02	-5.729223728179931585e-03
3.181878173828124989e+00	-4.350537109375000183e-02	-5.729223728179931585e-03
3.254169189453125277e+00	-4.350537109375000183e-02	-5.729223728179931585e-03
3.258169189453125281e+00	-4.350537109375000183e-02	-5.729223728179931585e-03
3.330460205078125124e+00	-4.350537109375000183e-02	-5.729223728179931585e-03
3.334460205078125128e+00	-4.350537109375000183e-02	-5.729223728179931585e-03
3.406751220703124972e+00	-4.350537109375000183e-02	-5.729223728179931585e-03
3.410751220703124975e+00	-4.350537109375000183e-02	-5.729223728179931585e-03
3.483042236328125263e+00	-4.350537109375000183e-02	-5.729223728179931585e-03
3.487042236328125266e+00	-4.350537109375000183e-02	-5.729223728179931585e-03
3.559333251953125110e+00	-4.350537109375000183e-02	-5.729223728179931585e-03
3.563333251953125114e+00	-4.350537109375000183e-02	-5.729223728179931585e-03
3.635624511718750007e+00	-4.350537109375000183e-02	-5.729223728179931585e-03
3.639624511718750011e+00	-4.350537109375000183e-02	-5.729223728179931585e-03
3.711915527343750298e+00	-4.350537109375000183e-02	-5.729223728179931585e-03
3.715915527343749858e+00	-4.350537109375000183e-02	-5.729223728179931585e-03
3.788206542968750146e+00	-4.350537109375000183e-02	-5.729223728179931585e-03
3.792206542968750149e+00	-4.350537109375000183e-02	-5.729223728179931585e-03
3.864497558593749993e+00	-4.350537109375000183e-02	-5.729223728179931585e-03
3.868497558593749996e+00	-4.350537109375000183e-02	-5.729223728179931585e-03
3.940788574218750284e+00	-4.350537109375000183e-02	-5.729223728179931585e-03
3.944788574218750288e+00	-4.350537109375000183e-02	-5.729223728179931585e-03
4.017079589843749687e+00	-4.350537109375000183e-02	-5.729223728179931585e-03
4.021079589843750135e+00	-4.350537109375000183e-02	-5.729223728179931585e-03
4.093370605468749979e+00	-4.350537109375000183e-02	-5.729223728179931585e-03
4.097370605468750426e+00	-4.350537109375000183e-02	-5.729223728179931585e-03
4.169661621093750270e+00	-4.350537109375000183e-02	-5.729223728179931585e-03
4.173661621093749829e+00	-4.350537109375000183e-02	-5.729223728179931585e-03
4.245952636718749673e+00	-4.350537109375000183e-02	-5.729223728179931585e-03
4.249952636718750121e+00	-4.350537109375000183e-02	-5.729223728179931585e-03
4.322243652343749964e+00	-4.350537109375000183e-02	-5.729223728179931585e-03
4.326243652343750412e+00	-4.350537109375000183e-02	-5.729223728179931585e-03
4.398534667968750256e+00	-4.350537109375000183e-02	-5.729223728179931585e-03
4.402534667968749815e+00	-4.350537109375000183e-02	-5.729223728179931585e-03
4.474825683593749659e+00	-4.350537109375000183e-02	-5.729223728179931585e-03
4.478825683593750107e+00	-4.350537109375000183e-02	-5.729223728179931585e-03
4.551116699218749950e+00	-4.350537109375000183e-02	-5.729223728179931585e-03
4.555116699218750398e+00	-4.350537109375000183e-02	-5.729223728179931585e-03
4.627407714843750242e+00	-4.350537109375000183e-02	-5.729223728179931585e-03
4.631407714843749801e+00	-4.350537109375000183e-02	-5.729223728179931585e-03
4.703698730468750533e+00	-4.350537109375000183e-02	-5.729223728179931585e-03
4.707698730468750092e+00	-4.350537109375000183e-02	-5.729223728179931585e-03
4.779989746093749936e+00	-4.350537109375000183e-02	-5.729223728179931585e-03
4.783989746093750384e+00	-4.350537109375000183e-02	-5.729223728179931585e-03
4.856280761718750227e+00	-4.350537109375000183e-02	-5.729223728179931585e-03
4.860280761718749787e+00	-4.350537109375000183e-02	-5.729223728179931585e-03
4.932571777343750519e+00	-4.350537109375000183e-02	-5.729223728179931585e-03
4.936571777343750078e+00	-4.350537109375000183e-02	-5.729223728179931585e-03
5.008862792968749922e+00	-4.350537109375000183e-02	-5.729223728179931585e-03
5.012862792968750369e+00	-4.350537109375000183e-02	-5.729223728179931585e-03
5.085154296875000313e+00	-4.350537109375000183e-02	-5.729223728179931585e-03
-6.269439125061035400e-02	5.311329269409179737e-02	-5.729223728179931585e-03
-8.472085714340210974e-03	1.971023750305175848e-02	-5.729223728179931585e-03
2.223318815231323386e-05	1.097681427001953071e-02	-5.729223728179931585e-03
4.797163772583008107e-02	-3.096141147613525393e-02	-5.729223728179931585e-03
5.900525283813476407e-02	-3.611351585388183905e-02	-5.729223728179931585e-03
1.221444053649902300e-01	-4.350537109375000183e-02	-5.729223728179931585e-03
1.343292312622070273e-01	-4.350537109375000183e-02	-5.729223728179931585e-03
1.984354400634765758e-01	-4.350537109375000183e-02	-5.729223728179931585e-03
2.106202621459961066e-01	-4.350537109375000183e-02	-5.729223728179931585e-03
2.747264709472656552e-01	-4.350537109375000183e-02	-5.729223728179931585e-03
2.869113006591796911e-01	-4.350537109375000183e-02	-5.729223728179931585e-03
3.510175170898437447e-01	-4.350537109375000183e-02	-5.729223728179931585e-03
3.632023315429687704e-01	-4.350537109375000183e-02	-5.729223728179931585e-03
4.273085479736328240e-01	-4.350537109375000183e-02	-5.729223728179931585e-03
4.394933776855468599e-01	-4.350537109375000183e-02	-5.729223728179931585e-03
5.035995788574219034e-01	-4.350537109375000183e-02	-5.729223728179931585e-03
5.157844238281250604e-01	-4.350537109375000183e-02	-5.729223728179931585e-03
5.798906249999999929e-01	-4.350537109375000183e-02	-5.729223728179931585e-03
5.920754394531250187e-01	-4.350537109375000183e-02	-5.729223728179931585e-03
6.561816406250000622e-01	-4.350537109375000183e-02	-5.729223728179931585e-03
6.683664550781249769e-01	-4.350537109375000183e-02	-5.729223728179931585e-03
7.324726867675781516e-01	-4.350537109375000183e-02	-5.729223728179931585e-03
7.446575317382813086e-01	-4.350537109375000183e-02	-5.729223728179931585e-03
8.087637329101562411e-01	-4.350537109375000183e-02	-5.729223728179931585e-03
8.209485473632812669e-01	-4.350537109375000183e-02	-5.729223728179931585e-03
8.850547485351563104e-01	-4.350537109375000183e-02	-5.729223728179931585e-03
8.972395629882812251e-01	-4.350537109375000183e-02	-5.729223728179931585e-03
9.613457641601562687e-01	-4.350537109375000183e-02	-5.729223728179931585e-03
9.735306091308594256e-01	-4.350537109375000183e-02	-5.729223728179931585e-03
1.037636840820312489e+00	-4.350537109375000183e-02	-5.729223728179931585e-03
1.049821655273437626e+00	-4.350537109375000183e-02	-5.729223728179931585e-03
1.113927856445312559e+00	-4.350537109375000183e-02	-5.729223728179931585e-03
1.126112670898437473e+00	-4.350537109375000183e-02	-5.729223728179931585e-03
1.190218872070312628e+00	-4.350537109375000183e-02	-5.729223728179931585e-03
1.202403686523437543e+00	-4.350537109375000183e-02	-5.729223728179931585e-03
1.266509887695312475e+00	-4.350537109375000183e-02	-5.729223728179931585e-03
1.278694702148437612e+00	-4.350537109375000183e-02	-5.729223728179931585e-03
1.342800964355468807e+00	-4.350537109375000183e-02	-5.729223728179931585e-03
1.354985839843749984e+00	-4.350537109375000183e-02	-5.729223728179931585e-03
1.419092041015625139e+00	-4.350537109375000183e-02	-5.729223728179931585e-03
1.431276855468750053e+00	-4.350537109375000183e-02	-5.729223728179931585e-03
1.495383056640624986e+00	-4.350537109375000183e-02	-5.729223728179931585e-03
1.507567871093750123e+00	-4.350537109375000183e-02	-5.729223728179931585e-03
1.571674072265625055e+00	-4.350537109375000183e-02	-5.729223728179931585e-03
1.583858886718749970e+00	-4.350537109375000183e-02	-5.729223728179931585e-03
1.647965087890625124e+00	-4.350537109375000183e-02	-5.729223728179931585e-03
1.660149902343750039e+00	-4.350537109375000183e-02	-5.729223728179931585e-03
1.724256103515624972e+00	-4.350537109375000183e-02	-5.729223728179931585e-03
1.736440917968750108e+00	-4.350537109375000183e-02	-5.729223728179931585e-03
1.800547119140625041e+00	-4.350537109375000183e-02	-5.729223728179931585e-03
1.812731994628906218e+00	-4.350537109375000183e-02	-5.729223728179931585e-03
1.876838195800781373e+00	-4.350537109375000183e-02	-5.729223728179931585e-03
1.889023071289062550e+00	-4.350537109375000183e-02	-5.729223728179931585e-03
1.953129272460937482e+00	-4.350537109375000183e-02	-5.729223728179931585e-03
1.965314086914062619e+00	-4.350537109375000183e-02	-5.729223728179931585e-03
2.029420288085937329e+00	-4.350537109375000183e-02	-5.729223728179931585e-03
2.041605102539062688e+00	-4.350537109375000183e-02	-5.729223728179931585e-03
2.105711303710937621e+00	-4.350537109375000183e-02	-5.729223728179931585e-03
2.117896118164062536e+00	-4.350537109375000183e-02	-5.729223728179931585e-03
2.182002319335937468e+00	-4.350537109375000183e-02	-5.729223728179931585e-03
2.194187133789062383e+00	-4.350537109375000183e-02	-5.729223728179931585e-03
2.258293334960937759e+00	-4.350537109375000183e-02	-5.729223728179931585e-03
2.270478149414062674e+00	-4.350537109375000183e-02	-5.729223728179931585e-03
2.334584350585937607e+00	-4.350537109375000183e-02	-5.729223728179931585e-03
2.346769165039062521e+00	-4.350537109375000183e-02	-5.729223728179931585e-03
2.410875366210937454e+00	-4.350537109375000183e-02	-5.729223728179931585e-03
2.423060180664062369e+00	-4.350537109375000183e-02	-5.729223728179931585e-03
2.487166381835937745e+00	-4.350537109375000183e-02	-5.729223728179931585e-03
2.499351196289062660e+00	-4.350537109375000183e-02	-5.729223728179931585e-03
2.563457397460937592e+00	-4.350537109375000183e-02	-5.729223728179931585e-03
2.575642333984375032e+00	-4.350537109375000183e-02	-5.729223728179931585e-03
2.639748657226562489e+00	-4.350537109375000183e-02	-5.729223728179931585e-03
2.651933471679687404e+00	-4.350537109375000183e-02	-5.729223728179931585e-03
2.716039672851562337e+00	-4.350537109375000183e-02	-5.729223728179931585e-03
2.728224487304687695e+00	-4.350537109375000183e-02	-5.729223728179931585e-03
2.792330688476562628e+00	-4.350537109375000183e-02	-5.729223728179931585e-03
2.804515502929687543e+00	-4.350537109375000183e-02	-5.729223728179931585e-03
2.868621704101562475e+00	-4.350537109375000183e-02	-5.729223728179931585e-03
2.880806518554687390e+00	-4.350537109375000183e-02	-5.729223728179931585e-03
2.944912719726562766e+00	-4.350537109375000183e-02	-5.729223728179931585e-03
2.957097534179687681e+00	-4.350537109375000183e-02	-5.729223728179931585e-03
3.021203735351562614e+00	-4.350537109375000183e-02	-5.729223728179931585e-03
3.033388549804687528e+00	-4.350537109375000183e-02	-5.729223728179931585e-03
3.097494750976562461e+00	-4.350537109375000183e-02	-5.729223728179931585e-03
3.109679565429687376e+00	-4.350537109375000183e-02	-5.729223728179931585e-03
3.173785766601562752e+00	-4.350537109375000183e-02	-5.729223728179931585e-03
3.185970581054687667e+00	-4.350537109375000183e-02	-5.729223728179931585e-03
3.250076782226562599e+00	-4.350537109375000183e-02	-5.729223728179931585e-03
3.262261596679687514e+00	-4.350537109375000183e-02	-5.729223728179931585e-03
3.326367797851562447e+00	-4.350537109375000183e-02	-5.729223728179931585e-03
3.338552612304687361e+00	-4.350537109375000183e-02	-5.729223728179931585e-03
3.402658813476562738e+00	-4.350537109375000183e-02	-5.729223728179931585e-03
3.414843627929687653e+00	-4.350537109375000183e-02	-5.729223728179931585e-03
3.478949829101562585e+00	-4.350537109375000183e-02	-5.729223728179931585e-03
3.491134643554687500e+00	-4.350537109375000183e-02	-5.729223728179931585e-03
3.555240844726562432e+00	-4.350537109375000183e-02	-5.729223728179931585e-03
3.567425781249999872e+00	-4.350537109375000183e-02	-5.729223728179931585e-03
3.631532104492187774e+00	-4.350537109375000183e-02	-5.729223728179931585e-03
3.643716918945312688e+00	-4.350537109375000183e-02	-5.729223728179931585e-03
3.707823120117187621e+00	-4.350537109375000183e-02	-5.729223728179931585e-03
3.720007934570312536e+00	-4.350537109375000183e-02	-5.729223728179931585e-03
3.784114135742187468e+00	-4.350537109375000183e-02	-5.729223728179931585e-03
3.796298950195312383e+00	-4.350537109375000183e-02	-5.729223728179931585e-03
3.860405151367187759e+00	-4.350537109375000183e-02	-5.729223728179931585e-03
3.872589965820312674e+00	-4.350537109375000183e-02	-5.729223728179931585e-03
3.936696166992187607e+00	-4.350537109375000183e-02	-5.729223728179931585e-03
3.948880981445312521e+00	-4.350537109375000183e-02	-5.729223728179931585e-03
4.012987182617187898e+00	-4.350537109375000183e-02	-5.729223728179931585e-03
4.025171997070312813e+00	-4.350537109375000183e-02	-5.729223728179931585e-03
4.089278198242187301e+00	-4.350537109375000183e-02	-5.729223728179931585e-03
4.101463134765625185e+00	-4.350537109375000183e-02	-5.729223728179931585e-03
4.165569335937499673e+00	-4.350537109375000183e-02	-5.729223728179931585e-03
4.177754150390625476e+00	-4.350537109375000183e-02	-5.729223728179931585e-03
4.241860351562499964e+00	-4.350537109375000183e-02	-5.729223728179931585e-03
4.254045166015624879e+00	-4.350537109375000183e-02	-5.729223728179931585e-03
4.318151367187500256e+00	-4.350537109375000183e-02	-5.729223728179931585e-03
4.330336181640625171e+00	-4.350537109375000183e-02	-5.729223728179931585e-03
4.394442382812499659e+00	-4.350537109375000183e-02	-5.729223728179931585e-03
4.406627197265625462e+00	-4.350537109375000183e-02	-5.729223728179931585e-03
4.470733398437499950e+00	-4.350537109375000183e-02	-5.729223728179931585e-03
4.482918212890624865e+00	-4.350537109375000183e-02	-5.729223728179931585e-03
4.547024414062500242e+00	-4.350537109375000183e-02	-5.729223728179931585e-03
4.559209228515625156e+00	-4.350537109375000183e-02	-5.729223728179931585e-03
4.623315429687500533e+00	-4.350537109375000183e-02	-5.729223728179931585e-03
4.635500244140625448e+00	-4.350537109375000183e-02	-5.729223728179931585e-03
4.699606445312499936e+00	-4.350537109375000183e-02	-5.729223728179931585e-03
4.711791259765624851e+00	-4.350537109375000183e-02	-5.729223728179931585e-03
4.775897460937500227e+00	-4.350537109375000183e-02	-5.729223728179931585e-03
4.788082275390625142e+00	-4.350537109375000183e-02	-5.729223728179931585e-03
4.852188476562500519e+00	-4.350537109375000183e-02	-5.729223728179931585e-03
4.864373291015625433e+00	-4.350537109375000183e-02	-5.729223728179931585e-03
4.928479492187499922e+00	-4.350537109375000183e-02	-5.729223728179931585e-03
4.940664306640624837e+00	-4.350537109375000183e-02	-5.729223728179931585e-03
5.004770507812500213e+00	-4.350537109375000183e-02	-5.729223728179931585e-03
5.016955322265625128e+00	-4.350537109375000183e-02	-5.729223728179931585e-03
5.081061767578124666e+00	-4.350537109375000183e-02	-5.729223728179931585e-03
-5.590615272521972517e-02	4.991839218139648704e-02	-5.729223728179931585e-03
-4.702910232543945634e-02	4.571931648254394520e-02	-5.729223728179931585e-03
-3.824227142333984364e-02	4.133888053894042847e-02	-5.729223728179931585e-03
-2.970770359039306627e-02	3.649899673461914212e-02	-5.729223728179931585e-03
-2.160527992248535353e-02	3.097482681274413979e-02	-5.729223728179931585e-03
-1.400462961196899392e-02	2.477303409576415982e-02	-5.729223728179931585e-03
5.098664283752441830e-03	5.452696323394775300e-03	-5.729223728179931585e-03
1.174870586395263677e-02	-1.772915363311767514e-03	-5.729223728179931585e-03
1.856270980834960962e-02	-8.841139793395996066e-03	-5.729223728179931585e-03
2.572487735748291149e-02	-1.554973506927490208e-02	-5.729223728179931585e-03
3.335904312133788907e-02	-2.170891952514648546e-02	-5.729223728179931585e-03
4.149151611328125155e-02	-2.719058513641357464e-02	-5.729223728179931585e-03
6.606664276123047630e-02	-3.862994384765625067e-02	-5.729223728179931585e-03
7.552820587158202981e-02	-4.118534088134765542e-02	-5.729223728179931585e-03
8.521263504028320224e-02	-4.269065093994140608e-02	-5.729223728179931585e-03
9.500416183471679932e-02	-4.332538414001464722e-02	-5.729223728179931585e-03
1.048217010498046914e-01	-4.348909378051758062e-02	-5.729223728179931585e-03
1.146418800354003925e-01	-4.350536918640136863e-02	-5.729223728179931585e-03
1.418317642211913976e-01	-4.350537109375000183e-02	-5.729223728179931585e-03
1.516519927978515758e-01	-4.350537109375000183e-02	-5.729223728179931585e-03
1.614722213745117263e-01	-4.350537109375000183e-02	-5.729223728179931585e-03
1.712924499511718768e-01	-4.350537109375000183e-02	-5.729223728179931585e-03
1.811126785278320273e-01	-4.350537109375000183e-02	-5.729223728179931585e-03
1.909329147338867105e-01	-4.350537109375000183e-02	-5.729223728179931585e-03
2.181227951049804770e-01	-4.350537109375000183e-02	-5.729223728179931585e-03
2.279430313110351602e-01	-4.350537109375000183e-02	-5.729223728179931585e-03
2.377632598876953107e-01	-4.350537109375000183e-02	-5.729223728179931585e-03
2.475834884643554612e-01	-4.350537109375000183e-02	-5.729223728179931585e-03
2.574037246704101722e-01	-4.350537109375000183e-02	-5.729223728179931585e-03
2.672239532470703227e-01	-4.350537109375000183e-02	-5.729223728179931585e-03
2.944138336181640891e-01	-4.350537109375000183e-02	-5.729223728179931585e-03
3.042340545654296791e-01	-4.350537109375000183e-02	-5.729223728179931585e-03
3.140542907714843901e-01	-4.350537109375000183e-02	-5.729223728179931585e-03
3.238745269775390456e-01	-4.350537109375000183e-02	-5.729223728179931585e-03
3.336947479248046911e-01	-4.350537109375000183e-02	-5.729223728179931585e-03
3.435149841308594021e-01	-4.350537109375000183e-02	-5.729223728179931585e-03
3.707048645019531130e-01	-4.350537109375000183e-02	-5.729223728179931585e-03
3.805251007080078240e-01	-4.350537109375000183e-02	-5.729223728179931585e-03
3.903453216552734695e-01	-4.350537109375000183e-02	-5.729223728179931585e-03
4.001655578613281250e-01	-4.350537109375000183e-02	-5.729223728179931585e-03
4.099857940673828360e-01	-4.350537109375000183e-02	-5.729223728179931585e-03
4.198060150146484260e-01	-4.350537109375000183e-02	-5.729223728179931585e-03
4.469958953857421924e-01	-4.350537109375000183e-02	-5.729223728179931585e-03
4.568161315917969034e-01	-4.350537109375000183e-02	-5.729223728179931585e-03
4.666363677978515589e-01	-4.350537109375000183e-02	-5.729223728179931585e-03
4.764565887451172044e-01	-4.350537109375000183e-02	-5.729223728179931585e-03
4.862768096923828498e-01	-4.350537109375000183e-02	-5.729223728179931585e-03
4.960970458984375053e-01	-4.350537109375000183e-02	-5.729223728179931585e-03
5.232869262695312162e-01	-4.350537109375000183e-02	-5.729223728179931585e-03
5.331071472167968617e-01	-4.350537109375000183e-02	-5.729223728179931585e-03
5.429273986816406383e-01	-4.350537109375000183e-02	-5.729223728179931585e-03
5.527476196289062838e-01	-4.350537109375000183e-02	-5.729223728179931585e-03
5.625678405761719292e-01	-4.350537109375000183e-02	-5.729223728179931585e-03
5.723880920410155948e-01	-4.350537109375000183e-02	-5.729223728179931585e-03
5.995779724121094167e-01	-4.350537109375000183e-02	-5.729223728179931585e-03
6.093981933593750622e-01	-4.350537109375000183e-02	-5.729223728179931585e-03
6.192184143066405966e-01	-4.350537109375000183e-02	-5.729223728179931585e-03
6.290386657714843732e-01	-4.350537109375000183e-02	-5.729223728179931585e-03
6.388588867187500187e-01	-4.350537109375000183e-02	-5.729223728179931585e-03
6.486791076660156641e-01	-4.350537109375000183e-02	-5.729223728179931585e-03
6.758689880371093750e-01	-4.350537109375000183e-02	-5.729223728179931585e-03
6.856892395019531516e-01	-4.350537109375000183e-02	-5.729223728179931585e-03
6.955094604492187971e-01	-4.350537109375000183e-02	-5.729223728179931585e-03
7.053296813964844425e-01	-4.350537109375000183e-02	-5.729223728179931585e-03
7.151499328613281081e-01	-4.350537109375000183e-02	-5.729223728179931585e-03
7.249701538085937536e-01	-4.350537109375000183e-02	-5.729223728179931585e-03
7.521600341796874645e-01	-4.350537109375000183e-02	-5.729223728179931585e-03
7.619802551269531099e-01	-4.350537109375000183e-02	-5.729223728179931585e-03
7.718005065917968865e-01	-4.350537109375000183e-02	-5.729223728179931585e-03
7.816207275390625320e-01	-4.350537109375000183e-02	-5.729223728179931585e-03
7.914409484863281774e-01	-4.350537109375000183e-02	-5.729223728179931585e-03
8.012611999511718430e-01	-4.350537109375000183e-02	-5.729223728179931585e-03
8.284510803222656650e-01	-4.350537109375000183e-02	-5.729223728179931585e-03
8.382713012695313104e-01	-4.350537109375000183e-02	-5.729223728179931585e-03
8.480915222167968448e-01	-4.350537109375000183e-02	-5.729223728179931585e-03
8.579117736816406214e-01	-4.350537109375000183e-02	-5.729223728179931585e-03
8.677319946289062669e-01	-4.350537109375000183e-02	-5.729223728179931585e-03
8.775522155761719123e-01	-4.350537109375000183e-02	-5.729223728179931585e-03
9.047420959472656232e-01	-4.350537109375000183e-02	-5.729223728179931585e-03
9.145623474121093999e-01	-4.350537109375000183e-02	-5.729223728179931585e-03
9.243825683593750453e-01	-4.350537109375000183e-02	-5.729223728179931585e-03
9.342027893066406907e-01	-4.350537109375000183e-02	-5.729223728179931585e-03
9.440230407714843563e-01	-4.350537109375000183e-02	-5.729223728179931585e-03
9.538432617187500018e-01	-4.350537109375000183e-02	-5.729223728179931585e-03
9.810331420898438237e-01	-4.350537109375000183e-02	-5.729223728179931585e-03
9.908533630371093581e-01	-4.350537109375000183e-02	-5.729223728179931585e-03
1.000673614501953246e+00	-4.350537109375000183e-02	-5.729223728179931585e-03
1.010493835449218780e+00	-4.350537109375000183e-02	-5.729223728179931585e-03
1.020314025878906294e+00	-4.350537109375000183e-02	-5.729223728179931585e-03
1.030134277343750071e+00	-4.350537109375000183e-02	-5.729223728179931585e-03
1.057324157714843782e+00	-4.350537109375000183e-02	-5.729223728179931585e-03
1.067144409179687559e+00	-4.350537109375000183e-02	-5.729223728179931585e-03
1.076964660644531335e+00	-4.350537109375000183e-02	-5.729223728179931585e-03
1.086784851074218849e+00	-4.350537109375000183e-02	-5.729223728179931585e-03
1.096605102539062626e+00	-4.350537109375000183e-02	-5.729223728179931585e-03
1.106425354003906181e+00	-4.350537109375000183e-02	-5.729223728179931585e-03
1.133615173339843851e+00	-4.350537109375000183e-02	-5.729223728179931585e-03
1.143435424804687628e+00	-4.350537109375000183e-02	-5.729223728179931585e-03
1.153255676269531182e+00	-4.350537109375000183e-02	-5.729223728179931585e-03
1.163075866699218697e+00	-4.350537109375000183e-02	-5.729223728179931585e-03
1.172896118164062473e+00	-4.350537109375000183e-02	-5.729223728179931585e-03
1.182716369628906250e+00	-4.350537109375000183e-02	-5.729223728179931585e-03
1.209906249999999961e+00	-4.350537109375000183e-02	-5.729223728179931585e-03
1.219726501464843738e+00	-4.350537109375000183e-02	-5.729223728179931585e-03
1.229546691894531252e+00	-4.350537109375000183e-02	-5.729223728179931585e-03
1.239366943359375028e+00	-4.350537109375000183e-02	-5.729223728179931585e-03
1.249187194824218805e+00	-4.350537109375000183e-02	-5.729223728179931585e-03
1.259007385253906319e+00	-4.350537109375000183e-02	-5.729223728179931585e-03
1.286197265625000030e+00	-4.350537109375000183e-02	-5.729223728179931585e-03
1.296017517089843807e+00	-4.350537109375000183e-02	-5.729223728179931585e-03
1.305837707519531321e+00	-4.350537109375000183e-02	-5.729223728179931585e-03
1.315657958984375098e+00	-4.350537109375000183e-02	-5.729223728179931585e-03
1.325478210449218874e+00	-4.350537109375000183e-02	-5.729223728179931585e-03
1.335298400878906389e+00	-4.350537109375000183e-02	-5.729223728179931585e-03
1.362488342285156362e+00	-4.350537109375000183e-02	-5.729223728179931585e-03
1.372308532714843876e+00	-4.350537109375000183e-02	-5.729223728179931585e-03
1.382128784179687431e+00	-4.350537109375000183e-02	-5.729223728179931585e-03
1.391949035644531207e+00	-4.350537109375000183e-02	-5.729223728179931585e-03
1.401769226074218722e+00	-4.350537109375000183e-02	-5.729223728179931585e-03
1.411589477539062498e+00	-4.350537109375000183e-02	-5.729223728179931585e-03
1.438779357910156209e+00	-4.350537109375000183e-02	-5.729223728179931585e-03
1.448599548339843723e+00	-4.350537109375000183e-02	-5.729223728179931585e-03
1.458419799804687500e+00	-4.350537109375000183e-02	-5.729223728179931585e-03
1.468240051269531277e+00	-4.350537109375000183e-02	-5.729223728179931585e-03
1.478060241699218791e+00	-4.350537109375000183e-02	-5.729223728179931585e-03
1.487880493164062568e+00	-4.350537109375000183e-02	-5.729223728179931585e-03
1.515070373535156278e+00	-4.350537109375000183e-02	-5.729223728179931585e-03
1.524890625000000055e+00	-4.350537109375000183e-02	-5.729223728179931585e-03
1.534710876464843832e+00	-4.350537109375000183e-02	-5.729223728179931585e-03
1.544531066894531346e+00	-4.350537109375000183e-02	-5.729223728179931585e-03
1.554351318359375123e+00	-4.350537109375000183e-02	-5.729223728179931585e-03
1.564171569824218677e+00	-4.350537109375000183e-02	-5.729223728179931585e-03
1.591361389160156348e+00	-4.350537109375000183e-02	-5.729223728179931585e-03
1.601181640625000124e+00	-4.350537109375000183e-02	-5.729223728179931585e-03
1.611001892089843679e+00	-4.350537109375000183e-02	-5.729223728179931585e-03
1.620822082519531193e+00	-4.350537109375000183e-02	-5.729223728179931585e-03
1.630642333984374970e+00	-4.350537109375000183e-02	-5.729223728179931585e-03
1.640462585449218746e+00	-4.350537109375000183e-02	-5.729223728179931585e-03
1.667652465820312457e+00	-4.350537109375000183e-02	-5.729223728179931585e-03
1.677472717285156234e+00	-4.350537109375000183e-02	-5.729223728179931585e-03
1.687292907714843748e+00	-4.350537109375000183e-02	-5.729223728179931585e-03
1.697113159179687525e+00	-4.350537109375000183e-02	-5.729223728179931585e-03
1.706933410644531302e+00	-4.350537109375000183e-02	-5.729223728179931585e-03
1.716753601074218816e+00	-4.350537109375000183e-02	-5.729223728179931585e-03
1.743943481445312527e+00	-4.350537109375000183e-02	-5.729223728179931585e-03
1.753763732910156303e+00	-4.350537109375000183e-02	-5.729223728179931585e-03
1.763583923339843818e+00	-4.350537109375000183e-02	-5.729223728179931585e-03
1.773404174804687594e+00	-4.350537109375000183e-02	-5.729223728179931585e-03
1.783224426269531371e+00	-4.350537109375000183e-02	-5.729223728179931585e-03
1.793044616699218885e+00	-4.350537109375000183e-02	-5.729223728179931585e-03
1.820234558105468858e+00	-4.350537109375000183e-02	-5.729223728179931585e-03
1.830054748535156373e+00	-4.350537109375000183e-02	-5.729223728179931585e-03
1.839875000000000149e+00	-4.350537109375000183e-02	-5.729223728179931585e-03
1.849695251464843704e+00	-4.350537109375000183e-02	-5.729223728179931585e-03
1.859515441894531218e+00	-4.350537109375000183e-02	-5.729223728179931585e-03
1.869335632324218732e+00	-4.350537109375000183e-02	-5.729223728179931585e-03
1.896525573730468706e+00	-4.350537109375000183e-02	-5.729223728179931585e-03
1.906345764160156220e+00	-4.350537109375000183e-02	-5.729223728179931585e-03
1.916166015624999996e+00	-4.350537109375000183e-02	-5.729223728179931585e-03
1.925986267089843773e+00	-4.350537109375000183e-02	-5.729223728179931585e-03
1.935806457519531287e+00	-4.350537109375000183e-02	-5.729223728179931585e-03
1.945626708984375064e+00	-4.350537109375000183e-02	-5.729223728179931585e-03
1.972816589355468775e+00	-4.350537109375000183e-02	-5.729223728179931585e-03
1.982636779785156289e+00	-4.350537109375000183e-02	-5.729223728179931585e-03
1.992457031250000066e+00	-4.350537109375000183e-02	-5.729223728179931585e-03
2.002277282714843842e+00	-4.350537109375000183e-02	-5.729223728179931585e-03
2.012097473144531357e+00	-4.350537109375000183e-02	-5.729223728179931585e-03
2.021917724609374911e+00	-4.350537109375000183e-02	-5.729223728179931585e-03
2.049107666015625107e+00	-4.350537109375000183e-02	-5.729223728179931585e-03
2.058927856445312621e+00	-4.350537109375000183e-02	-5.729223728179931585e-03
2.068748046875000135e+00	-4.350537109375000183e-02	-5.729223728179931585e-03
2.078568359375000174e+00	-4.350537109375000183e-02	-5.729223728179931585e-03
2.088388549804687688e+00	-4.350537109375000183e-02	-5.729223728179931585e-03
2.098208740234375203e+00	-4.350537109375000183e-02	-5.729223728179931585e-03
2.125398681640624954e+00	-4.350537109375000183e-02	-5.729223728179931585e-03
2.135218872070312468e+00	-4.350537109375000183e-02	-5.729223728179931585e-03
2.145039062499999982e+00	-4.350537109375000183e-02	-5.729223728179931585e-03
2.154859375000000021e+00	-4.350537109375000183e-02	-5.729223728179931585e-03
2.164679565429687536e+00	-4.350537109375000183e-02	-5.729223728179931585e-03
2.174499755859375050e+00	-4.350537109375000183e-02	-5.729223728179931585e-03
2.201689697265625245e+00	-4.350537109375000183e-02	-5.729223728179931585e-03
2.211509887695312759e+00	-4.350537109375000183e-02	-5.729223728179931585e-03
2.221330078124999829e+00	-4.350537109375000183e-02	-5.729223728179931585e-03
2.231150390624999869e+00	-4.350537109375000183e-02	-5.729223728179931585e-03
2.240970581054687383e+00	-4.350537109375000183e-02	-5.729223728179931585e-03
2.250790771484374897e+00	-4.350537109375000183e-02	-5.729223728179931585e-03
2.277980712890625092e+00	-4.350537109375000183e-02	-5.729223728179931585e-03
2.287801025390625131e+00	-4.350537109375000183e-02	-5.729223728179931585e-03
2.297621215820312646e+00	-4.350537109375000183e-02	-5.729223728179931585e-03
2.307441406250000160e+00	-4.350537109375000183e-02	-5.729223728179931585e-03
2.317261718750000199e+00	-4.350537109375000183e-02	-5.729223728179931585e-03
2.327081909179687713e+00	-4.350537109375000183e-02	-5.729223728179931585e-03
2.354271728515624940e+00	-4.350537109375000183e-02	-5.729223728179931585e-03
2.364092041015624979e+00	-4.350537109375000183e-02	-5.729223728179931585e-03
2.373912231445312493e+00	-4.350537109375000183e-02	-5.729223728179931585e-03
2.383732421875000007e+00	-4.350537109375000183e-02	-5.729223728179931585e-03
2.393552734375000046e+00	-4.350537109375000183e-02	-5.729223728179931585e-03
2.403372924804687560e+00	-4.350537109375000183e-02	-5.729223728179931585e-03
2.430562744140625231e+00	-4.350537109375000183e-02	-5.729223728179931585e-03
2.440383056640625270e+00	-4.350537109375000183e-02	-5.729223728179931585e-03
2.450203247070312340e+00	-4.350537109375000183e-02	-5.729223728179931585e-03
2.460023437499999854e+00	-4.350537109375000183e-02	-5.729223728179931585e-03
2.469843749999999893e+00	-4.350537109375000183e-02	-5.729223728179931585e-03
2.479663940429687408e+00	-4.350537109375000183e-02	-5.729223728179931585e-03
2.506853759765625078e+00	-4.350537109375000183e-02	-5.729223728179931585e-03
2.516674072265625117e+00	-4.350537109375000183e-02	-5.729223728179931585e-03
2.526494262695312631e+00	-4.350537109375000183e-02	-5.729223728179931585e-03
2.536314453125000146e+00	-4.350537109375000183e-02	-5.729223728179931585e-03
2.546134765625000185e+00	-4.350537109375000183e-02	-5.729223728179931585e-03
2.555954956054687699e+00	-4.350537109375000183e-02	-5.729223728179931585e-03
2.583144897460937450e+00	-4.350537109375000183e-02	-5.729223728179931585e-03
2.592965087890624964e+00	-4.350537109375000183e-02	-5.729223728179931585e-03
2.602785400390625004e+00	-4.350537109375000183e-02	-5.729223728179931585e-03
2.612605590820312518e+00	-4.350537109375000183e-02	-5.729223728179931585e-03
2.622425781250000032e+00	-4.350537109375000183e-02	-5.729223728179931585e-03
2.632246093750000071e+00	-4.350537109375000183e-02	-5.729223728179931585e-03
2.659435913085937742e+00	-4.350537109375000183e-02	-5.729223728179931585e-03
2.669256103515625256e+00	-4.350537109375000183e-02	-5.729223728179931585e-03
2.679076416015624851e+00	-4.350537109375000183e-02	-5.729223728179931585e-03
2.688896606445312365e+00	-4.350537109375000183e-02	-5.729223728179931585e-03
2.698716796874999879e+00	-4.350537109375000183e-02	-5.729223728179931585e-03
2.708537109374999918e+00	-4.350537109375000183e-02	-5.729223728179931585e-03
2.735726928710937589e+00	-4.350537109375000183e-02	-5.729223728179931585e-03
2.745547119140625103e+00	-4.350537109375000183e-02	-5.729223728179931585e-03
2.755367431640625142e+00	-4.350537109375000183e-02	-5.729223728179931585e-03
2.765187622070312656e+00	-4.350537109375000183e-02	-5.729223728179931585e-03
2.775007812500000171e+00	-4.350537109375000183e-02	-5.729223728179931585e-03
2.784828125000000210e+00	-4.350537109375000183e-02	-5.729223728179931585e-03
2.812017944335937436e+00	-4.350537109375000183e-02	-5.729223728179931585e-03
2.821838134765624950e+00	-4.350537109375000183e-02	-5.729223728179931585e-03
2.831658447265624989e+00	-4.350537109375000183e-02	-5.729223728179931585e-03
2.841478637695312504e+00	-4.350537109375000183e-02	-5.729223728179931585e-03
2.851298828125000018e+00	-4.350537109375000183e-02	-5.729223728179931585e-03
2.861119140625000057e+00	-4.350537109375000183e-02	-5.729223728179931585e-03
2.888309082031250252e+00	-4.350537109375000183e-02	-5.729223728179931585e-03
2.898129272460937766e+00	-4.350537109375000183e-02	-5.729223728179931585e-03
2.907949462890625281e+00	-4.350537109375000183e-02	-5.729223728179931585e-03
2.917769653320312351e+00	-4.350537109375000183e-02	-5.729223728179931585e-03
2.927589843749999865e+00	-4.350537109375000183e-02	-5.729223728179931585e-03
2.937410156249999904e+00	-4.350537109375000183e-02	-5.729223728179931585e-03
2.964600097656250099e+00	-4.350537109375000183e-02	-5.729223728179931585e-03
2.974420288085937614e+00	-4.350537109375000183e-02	-5.729223728179931585e-03
2.984240478515625128e+00	-4.350537109375000183e-02	-5.729223728179931585e-03
2.994060791015625167e+00	-4.350537109375000183e-02	-5.729223728179931585e-03
3.003880981445312681e+00	-4.350537109375000183e-02	-5.729223728179931585e-03
3.013701171875000195e+00	-4.350537109375000183e-02	-5.729223728179931585e-03
3.040891113281249947e+00	-4.350537109375000183e-02	-5.729223728179931585e-03
3.050711303710937461e+00	-4.350537109375000183e-02	-5.729223728179931585e-03
3.060531494140624975e+00	-4.350537109375000183e-02	-5.729223728179931585e-03
3.070351806640625014e+00	-4.350537109375000183e-02	-5.729223728179931585e-03
3.080171997070312528e+00	-4.350537109375000183e-02	-5.729223728179931585e-03
3.089992187500000043e+00	-4.350537109375000183e-02	-5.729223728179931585e-03
3.117182128906250238e+00	-4.350537109375000183e-02	-5.729223728179931585e-03
3.127002319335937752e+00	-4.350537109375000183e-02	-5.729223728179931585e-03
3.136822509765625266e+00	-4.350537109375000183e-02	-5.729223728179931585e-03
3.146642822265624861e+00	-4.350537109375000183e-02	-5.729223728179931585e-03
3.156463012695312376e+00	-4.350537109375000183e-02	-5.729223728179931585e-03
3.166283203124999890e+00	-4.350537109375000183e-02	-5.729223728179931585e-03
3.193473144531250085e+00	-4.350537109375000183e-02	-5.729223728179931585e-03
3.203293334960937599e+00	-4.350537109375000183e-02	-5.729223728179931585e-03
3.213113525390625114e+00	-4.350537109375000183e-02	-5.729223728179931585e-03
3.222933837890625153e+00	-4.350537109375000183e-02	-5.729223728179931585e-03
3.232754028320312667e+00	-4.350537109375000183e-02	-5.729223728179931585e-03
3.242574218750000181e+00	-4.350537109375000183e-02	-5.729223728179931585e-03
3.269764160156249932e+00	-4.350537109375000183e-02	-5.729223728179931585e-03
3.279584472656249972e+00	-4.350537109375000183e-02	-5.729223728179931585e-03
3.289404663085937486e+00	-4.350537109375000183e-02	-5.729223728179931585e-03
3.299224853515625000e+00	-4.350537109375000183e-02	-5.729223728179931585e-03
3.309045166015625039e+00	-4.350537109375000183e-02	-5.729223728179931585e-03
3.318865356445312553e+00	-4.350537109375000183e-02	-5.729223728179931585e-03
3.346055175781250224e+00	-4.350537109375000183e-02	-5.729223728179931585e-03
3.355875488281250263e+00	-4.350537109375000183e-02	-5.729223728179931585e-03
3.365695678710937777e+00	-4.350537109375000183e-02	-5.729223728179931585e-03
3.375515869140625291e+00	-4.350537109375000183e-02	-5.729223728179931585e-03
3.385336181640624886e+00	-4.350537109375000183e-02	-5.729223728179931585e-03
3.395156372070312401e+00	-4.350537109375000183e-02	-5.729223728179931585e-03
3.422346191406250071e+00	-4.350537109375000183e-02	-5.729223728179931585e-03
3.432166503906250110e+00	-4.350537109375000183e-02	-5.729223728179931585e-03
3.441986694335937624e+00	-4.350537109375000183e-02	-5.729223728179931585e-03
3.451806884765625139e+00	-4.350537109375000183e-02	-5.729223728179931585e-03
3.461627197265625178e+00	-4.350537109375000183e-02	-5.729223728179931585e-03
3.471447387695312692e+00	-4.350537109375000183e-02	-5.729223728179931585e-03
3.498637207031249918e+00	-4.350537109375000183e-02	-5.729223728179931585e-03
3.508457519531249957e+00	-4.350537109375000183e-02	-5.729223728179931585e-03
3.518277709960937472e+00	-4.350537109375000183e-02	-5.729223728179931585e-03
3.528097900390624986e+00	-4.350537109375000183e-02	-5.729223728179931585e-03
3.537918212890625025e+00	-4.350537109375000183e-02	-5.729223728179931585e-03
3.547738403320312539e+00	-4.350537109375000183e-02	-5.729223728179931585e-03
3.574928344726562734e+00	-4.350537109375000183e-02	-5.729223728179931585e-03
3.584748535156250249e+00	-4.350537109375000183e-02	-5.729223728179931585e-03
3.594568847656250288e+00	-4.350537109375000183e-02	-5.729223728179931585e-03
3.604389038085937358e+00	-4.350537109375000183e-02	-5.729223728179931585e-03
3.614209228515624872e+00	-4.350537109375000183e-02	-5.729223728179931585e-03
3.624029541015624911e+00	-4.350537109375000183e-02	-5.729223728179931585e-03
3.651219360351562582e+00	-4.350537109375000183e-02	-5.729223728179931585e-03
3.661039550781250096e+00	-4.350537109375000183e-02	-5.729223728179931585e-03
3.670859863281250135e+00	-4.350537109375000183e-02	-5.729223728179931585e-03
3.680680053710937649e+00	-4.350537109375000183e-02	-5.729223728179931585e-03
3.690500244140625163e+00	-4.350537109375000183e-02	-5.729223728179931585e-03
3.700320556640625203e+00	-4.350537109375000183e-02	-5.729223728179931585e-03
3.727510375976562429e+00	-4.350537109375000183e-02	-5.729223728179931585e-03
3.737330566406249943e+00	-4.350537109375000183e-02	-5.729223728179931585e-03
3.747150878906249982e+00	-4.350537109375000183e-02	-5.729223728179931585e-03
3.756971069335937496e+00	-4.350537109375000183e-02	-5.729223728179931585e-03
3.766791259765625011e+00	-4.350537109375000183e-02	-5.729223728179931585e-03
3.776611572265625050e+00	-4.350537109375000183e-02	-5.729223728179931585e-03
3.803801391601562720e+00	-4.350537109375000183e-02	-5.729223728179931585e-03
3.813621582031250234e+00	-4.350537109375000183e-02	-5.729223728179931585e-03
3.823441894531250274e+00	-4.350537109375000183e-02	-5.729223728179931585e-03
3.833262084960937788e+00	-4.350537109375000183e-02	-5.729223728179931585e-03
3.843082275390625302e+00	-4.350537109375000183e-02	-5.729223728179931585e-03
3.852902587890624897e+00	-4.350537109375000183e-02	-5.729223728179931585e-03
3.880092529296875092e+00	-4.350537109375000183e-02	-5.729223728179931585e-03
3.889912719726562607e+00	-4.350537109375000183e-02	-5.729223728179931585e-03
3.899732910156250121e+00	-4.350537109375000183e-02	-5.729223728179931585e-03
3.909553222656250160e+00	-4.350537109375000183e-02	-5.729223728179931585e-03
3.919373413085937674e+00	-4.350537109375000183e-02	-5.729223728179931585e-03
3.929193603515625188e+00	-4.350537109375000183e-02	-5.729223728179931585e-03
3.956383544921874940e+00	-4.350537109375000183e-02	-5.729223728179931585e-03
3.966203735351562454e+00	-4.350537109375000183e-02	-5.729223728179931585e-03
3.976023925781249968e+00	-4.350537109375000183e-02	-5.729223728179931585e-03
3.985844238281250007e+00	-4.350537109375000183e-02	-5.729223728179931585e-03
3.995664428710937521e+00	-4.350537109375000183e-02	-5.729223728179931585e-03
4.005484619140625036e+00	-4.350537109375000183e-02	-5.729223728179931585e-03
4.032674560546874787e+00	-4.350537109375000183e-02	-5.729223728179931585e-03
4.042494750976562301e+00	-4.350537109375000183e-02	-5.729223728179931585e-03
4.052314941406249815e+00	-4.350537109375000183e-02	-5.729223728179931585e-03
4.062135253906250298e+00	-4.350537109375000183e-02	-5.729223728179931585e-03
4.071955444335937813e+00	-4.350537109375000183e-02	-5.729223728179931585e-03
4.081775634765625327e+00	-4.350537109375000183e-02	-5.729223728179931585e-03
4.108965576171875078e+00	-4.350537109375000183e-02	-5.729223728179931585e-03
4.118785644531250512e+00	-4.350537109375000183e-02	-5.729223728179931585e-03
4.128605957031250107e+00	-4.350537109375000183e-02	-5.729223728179931585e-03
4.138426269531249702e+00	-4.350537109375000183e-02	-5.729223728179931585e-03
4.148246582031250185e+00	-4.350537109375000183e-02	-5.729223728179931585e-03
4.158066894531249780e+00	-4.350537109375000183e-02	-5.729223728179931585e-03
4.185256591796875369e+00	-4.350537109375000183e-02	-5.729223728179931585e-03
4.195076660156249915e+00	-4.350537109375000183e-02	-5.729223728179931585e-03
4.204896972656250398e+00	-4.350537109375000183e-02	-5.729223728179931585e-03
4.214717285156249993e+00	-4.350537109375000183e-02	-5.729223728179931585e-03
4.224537597656250476e+00	-4.350537109375000183e-02	-5.729223728179931585e-03
4.234357910156250071e+00	-4.350537109375000183e-02	-5.729223728179931585e-03
4.261547607421874773e+00	-4.350537109375000183e-02	-5.729223728179931585e-03
4.271367675781250206e+00	-4.350537109375000183e-02	-5.729223728179931585e-03
4.281187988281249801e+00	-4.350537109375000183e-02	-5.729223728179931585e-03
4.291008300781250284e+00	-4.350537109375000183e-02	-5.729223728179931585e-03
4.300828613281249879e+00	-4.350537109375000183e-02	-5.729223728179931585e-03
4.310648925781250362e+00	-4.350537109375000183e-02	-5.729223728179931585e-03
4.337838623046875064e+00	-4.350537109375000183e-02	-5.729223728179931585e-03
4.347658691406250497e+00	-4.350537109375000183e-02	-5.729223728179931585e-03
4.357479003906250092e+00	-4.350537109375000183e-02	-5.729223728179931585e-03
4.367299316406249687e+00	-4.350537109375000183e-02	-5.729223728179931585e-03
4.377119628906250171e+00	-4.350537109375000183e-02	-5.729223728179931585e-03
4.386939941406249766e+00	-4.350537109375000183e-02	-5.729223728179931585e-03
4.414129882812500405e+00	-4.350537109375000183e-02	-5.729223728179931585e-03
4.423949951171874950e+00	-4.350537109375000183e-02	-5.729223728179931585e-03
4.433770019531250384e+00	-4.350537109375000183e-02	-5.729223728179931585e-03
4.443590332031249979e+00	-4.350537109375000183e-02	-5.729223728179931585e-03
4.453410644531250462e+00	-4.350537109375000183e-02	-5.729223728179931585e-03
4.463230957031250057e+00	-4.350537109375000183e-02	-5.729223728179931585e-03
4.490420898437499808e+00	-4.350537109375000183e-02	-5.729223728179931585e-03
4.500240966796875242e+00	-4.350537109375000183e-02	-5.729223728179931585e-03
4.510061035156249787e+00	-4.350537109375000183e-02	-5.729223728179931585e-03
4.519881347656250270e+00	-4.350537109375000183e-02	-5.729223728179931585e-03
4.529701660156249865e+00	-4.350537109375000183e-02	-5.729223728179931585e-03
4.539521972656250348e+00	-4.350537109375000183e-02	-5.729223728179931585e-03
4.566711914062500099e+00	-4.350537109375000183e-02	-5.729223728179931585e-03
4.576531982421875533e+00	-4.350537109375000183e-02	-5.729223728179931585e-03
4.586352050781250078e+00	-4.350537109375000183e-02	-5.729223728179931585e-03
4.596172363281249673e+00	-4.350537109375000183e-02	-5.729223728179931585e-03
4.605992675781250156e+00	-4.350537109375000183e-02	-5.729223728179931585e-03
4.615812988281249751e+00	-4.350537109375000183e-02	-5.729223728179931585e-03
4.643002929687500391e+00	-4.350537109375000183e-02	-5.729223728179931585e-03
4.652822998046874936e+00	-4.350537109375000183e-02	-5.729223728179931585e-03
4.662643066406250369e+00	-4.350537109375000183e-02	-5.729223728179931585e-03
4.672463378906249964e+00	-4.350537109375000183e-02	-5.729223728179931585e-03
4.682283691406250448e+00	-4.350537109375000183e-02	-5.729223728179931585e-03
4.692104003906250043e+00	-4.350537109375000183e-02	-5.729223728179931585e-03
4.719293945312499794e+00	-4.350537109375000183e-02	-5.729223728179931585e-03
4.729114257812500277e+00	-4.350537109375000183e-02	-5.729223728179931585e-03
4.738934326171874822e+00	-4.350537109375000183e-02	-5.729223728179931585e-03
4.748754394531250256e+00	-4.350537109375000183e-02	-5.729223728179931585e-03
4.758574707031249851e+00	-4.350537109375000183e-02	-5.729223728179931585e-03
4.768395019531250334e+00	-4.350537109375000183e-02	-5.729223728179931585e-03
4.795584960937500085e+00	-4.350537109375000183e-02	-5.729223728179931585e-03
4.805405273437499680e+00	-4.350537109375000183e-02	-5.729223728179931585e-03
4.815225341796875114e+00	-4.350537109375000183e-02	-5.729223728179931585e-03
4.825045410156249659e+00	-4.350537109375000183e-02	-5.729223728179931585e-03
4.834865722656250142e+00	-4.350537109375000183e-02	-5.729223728179931585e-03
4.844686035156249737e+00	-4.350537109375000183e-02	-5.729223728179931585e-03
4.871875976562500377e+00	-4.350537109375000183e-02	-5.729223728179931585e-03
4.881696289062499972e+00	-4.350537109375000183e-02	-5.729223728179931585e-03
4.891516357421875405e+00	-4.350537109375000183e-02	-5.729223728179931585e-03
4.901336425781249950e+00	-4.350537109375000183e-02	-5.729223728179931585e-03
4.911156738281250433e+00	-4.350537109375000183e-02	-5.729223728179931585e-03
4.920977050781250028e+00	-4.350537109375000183e-02	-5.729223728179931585e-03
4.948166992187499780e+00	-4.350537109375000183e-02	-5.729223728179931585e-03
4.957987304687500263e+00	-4.350537109375000183e-02	-5.729223728179931585e-03
4.967807373046874808e+00	-4.350537109375000183e-02	-5.729223728179931585e-03
4.977627441406250242e+00	-4.350537109375000183e-02	-5.729223728179931585e-03
4.987447753906249837e+00	-4.350537109375000183e-02	-5.729223728179931585e-03
4.997268066406250320e+00	-4.350537109375000183e-02	-5.729223728179931585e-03
5.024458007812500071e+00	-4.350537109375000183e-02	-5.729223728179931585e-03
5.034278320312499666e+00	-4.350537109375000183e-02	-5.729223728179931585e-03
5.044098388671875099e+00	-4.350537109375000183e-02	-5.729223728179931585e-03
5.053918457031250533e+00	-4.350537109375000183e-02	-5.729223728179931585e-03
5.063738769531250128e+00	-4.350537109375000183e-02	-5.729223728179931585e-03
5.073559082031249723e+00	-4.350537109375000183e-02	-5.729223728179931585e-03
-5.591722106933593589e-02	1.442774581909179732e-01	-5.729223728179931585e-03
-6.467216110229492831e-02	1.384189529418945463e-01	-5.729223728179931585e-03
-6.520715713500976896e-02	1.172803268432617146e-01	-5.729223728179931585e-03
-6.586748123168945090e-02	9.036755371093750655e-02	-5.729223728179931585e-03
-6.841580200195312988e-02	5.726483345031738170e-02	-5.729223728179931585e-03
-5.679615592956543252e-02	1.438256454467773393e-01	-5.729223728179931585e-03
-6.510801696777343550e-02	1.393183670043945388e-01	-5.729223728179931585e-03
-6.419121742248534712e-02	1.375423812866211071e-01	-5.729223728179931585e-03
-6.507700347900391424e-02	1.182718124389648406e-01	-5.729223728179931585e-03
-6.532970809936523848e-02	1.162878723144531307e-01	-5.729223728179931585e-03
-6.590338516235351440e-02	9.136468505859375588e-02	-5.729223728179931585e-03
-6.572237014770507257e-02	8.937907409667969483e-02	-5.729223728179931585e-03
-6.803767395019531816e-02	5.819056129455566634e-02	-5.729223728179931585e-03
-5.776765060424805115e-02	1.435825729370117099e-01	-5.729223728179931585e-03
-6.548067855834961704e-02	1.402505416870117316e-01	-5.729223728179931585e-03
-6.356665039062500688e-02	1.364382247924804670e-01	-5.729223728179931585e-03
-6.489328765869140092e-02	1.195270576477050761e-01	-5.729223728179931585e-03
-6.550972366333007724e-02	1.148071403503417992e-01	-5.729223728179931585e-03
-6.568128967285156994e-02	9.283288574218749589e-02	-5.729223728179931585e-03
-6.539768981933594127e-02	8.772557830810547019e-02	-5.729223728179931585e-03
-6.748237228393555442e-02	5.978060722351074413e-02	-5.729223728179931585e-03
-5.904794311523437617e-02	1.434665603637695352e-01	-5.729223728179931585e-03
-6.061287689208984253e-02	1.434703521728515618e-01	-5.729223728179931585e-03
-6.217770004272461098e-02	1.434787979125976554e-01	-5.729223728179931585e-03
-6.373813629150390514e-02	1.433600311279296935e-01	-5.729223728179931585e-03
-6.511891555786132602e-02	1.427691574096679739e-01	-5.729223728179931585e-03
-6.568598556518555343e-02	1.414974365234374920e-01	-5.729223728179931585e-03
-6.279048347473144276e-02	1.345186386108398469e-01	-5.729223728179931585e-03
-6.247624397277832392e-02	1.319492340087890514e-01	-5.729223728179931585e-03
-6.275068092346192117e-02	1.293190994262695404e-01	-5.729223728179931585e-03
-6.325206565856933416e-02	1.267227554321289085e-01	-5.729223728179931585e-03
-6.391944313049316428e-02	1.241613121032714845e-01	-5.729223728179931585e-03
-6.452553176879882724e-02	1.215864219665527407e-01	-5.729223728179931585e-03
-6.592536544799805498e-02	1.120672302246093766e-01	-5.729223728179931585e-03
-6.630501937866210838e-02	1.085407066345214916e-01	-5.729223728179931585e-03
-6.566269683837891447e-02	1.051683273315429656e-01	-5.729223728179931585e-03
-6.408253669738769864e-02	1.020436477661132851e-01	-5.729223728179931585e-03
-6.370901298522949063e-02	9.881938171386718539e-02	-5.729223728179931585e-03
-6.483170700073241643e-02	9.545982360839844194e-02	-5.729223728179931585e-03
-6.508288955688476540e-02	8.439506149291992054e-02	-5.729223728179931585e-03
-6.551515197753905728e-02	8.011369705200195590e-02	-5.729223728179931585e-03
-6.661907577514648848e-02	7.590441131591796342e-02	-5.729223728179931585e-03
-6.729139709472656272e-02	7.165282821655273582e-02	-5.729223728179931585e-03
-6.699882507324218806e-02	6.735413742065429754e-02	-5.729223728179931585e-03
-6.686729049682617332e-02	6.305873680114745805e-02	-5.729223728179931585e-03
-4.005903053283691589e-02	1.660951004028320410e-01	-1.533067321777343769e-02
-3.942399406433105824e-02	1.656656112670898406e-01	-1.469026756286621188e-02
-3.872879791259765947e-02	1.652400054931640605e-01	-1.411249732971191391e-02
-3.796335792541503940e-02	1.648280258178710933e-01	-1.362349987030029262e-02
-3.710577583312988509e-02	1.644561462402343854e-01	-1.328550577163696393e-02
-3.616908264160156178e-02	1.641645431518554688e-01	-1.311743879318237258e-02
-3.518908882141113387e-02	1.639903488159179801e-01	-1.305665779113769631e-02
-3.419256210327148438e-02	1.639547195434570281e-01	-1.303718662261962868e-02
-3.319747543334961026e-02	1.640402450561523340e-01	-1.303172397613525449e-02
-3.221123886108398504e-02	1.642031097412109397e-01	-1.303042507171630823e-02
-3.122309684753418052e-02	1.643500823974609337e-01	-1.303017473220825263e-02
-3.023042011260986331e-02	1.643334732055664049e-01	-1.303013849258422875e-02
-2.924614238739013661e-02	1.641607666015625078e-01	-1.303013515472412065e-02
-2.826945590972900282e-02	1.639461669921875031e-01	-1.303013515472412065e-02
-2.729450893402099801e-02	1.637237472534179838e-01	-1.303013515472412065e-02
-2.633035659790039160e-02	1.634612884521484399e-01	-1.303013515472412065e-02
-2.541462707519531392e-02	1.630714950561523435e-01	-1.303013515472412065e-02
-2.463369274139404208e-02	1.624671630859375049e-01	-1.303013515472412065e-02
-2.410826969146728435e-02	1.616373672485351687e-01	-1.303013515472412065e-02
-2.395451164245605488e-02	1.606730346679687560e-01	-1.303013515472412065e-02
-2.423618030548095603e-02	1.597421417236328245e-01	-1.303013515472412065e-02
-2.482322025299072213e-02	1.589390945434570324e-01	-1.303013515472412065e-02
-2.550573730468750147e-02	1.582084426879882821e-01	-1.303013515472412065e-02
-2.619081783294677918e-02	1.574801101684570326e-01	-1.303013515472412065e-02
-2.687941169738769509e-02	1.567552032470703183e-01	-1.303013515472412065e-02
-2.759863281249999925e-02	1.560608520507812402e-01	-1.303013515472412065e-02
-2.834008312225341775e-02	1.553898925781249940e-01	-1.303013515472412065e-02
-2.908015441894531289e-02	1.547174377441406234e-01	-1.303013515472412065e-02
-2.979196357727050687e-02	1.540157394409179814e-01	-1.303013515472412065e-02
-3.044481182098388722e-02	1.532598648071289149e-01	-1.303013515472412065e-02
-3.102093315124511766e-02	1.524447097778320326e-01	-1.300434970855712975e-02
-3.146702384948730363e-02	1.516252136230468728e-01	-1.273426818847656246e-02
-3.172213459014892878e-02	1.509080276489257744e-01	-1.211261558532714805e-02
-3.182461738586425670e-02	1.502446746826171797e-01	-1.137382745742797872e-02
-3.177770519256591791e-02	1.494206237792968794e-01	-1.089588880538940388e-02
-3.145778560638427812e-02	1.485069656372070279e-01	-1.077938175201416035e-02
-3.089993667602539129e-02	1.476803970336914018e-01	-1.077938175201416035e-02
-3.021982669830322252e-02	1.469519424438476551e-01	-1.077938175201416035e-02
-2.942446708679199302e-02	1.463527297973632735e-01	-1.077938175201416035e-02
-2.853559684753418160e-02	1.459025802612304856e-01	-1.077938175201416035e-02
-2.758245277404785048e-02	1.456133346557617336e-01	-1.077938175201416035e-02
-2.659545516967773415e-02	1.454617691040039074e-01	-1.077938175201416035e-02
-2.559971237182617071e-02	1.453698425292968832e-01	-1.077938175201416035e-02
-2.460448646545410067e-02	1.452729568481445355e-01	-1.077938175201416035e-02
-2.361016273498535087e-02	1.451665802001953220e-01	-1.077938175201416035e-02
-2.261460113525390683e-02	1.451559295654296922e-01	-1.077938175201416035e-02
-2.170717906951904336e-02	1.454662780761718788e-01	-1.077938175201416035e-02
-2.137343597412109247e-02	1.462294769287109386e-01	-1.077938175201416035e-02
-2.176618480682373027e-02	1.471101379394531283e-01	-1.077938175201416035e-02
-2.258209228515625083e-02	1.475344924926757784e-01	-1.077938175201416035e-02
-2.355859565734863201e-02	1.474256134033203047e-01	-1.077938175201416035e-02
-2.453536796569824249e-02	1.472445068359375109e-01	-1.077938175201416035e-02
-2.544853687286377161e-02	1.474714736938476656e-01	-1.077938175201416035e-02
-2.577511024475097681e-02	1.482249298095703050e-01	-1.077938175201416035e-02
-2.535531711578369041e-02	1.490910110473632755e-01	-1.077938175201416035e-02
-2.461361408233642481e-02	1.497514953613281186e-01	-1.077938175201416035e-02
-2.372568416595459070e-02	1.501839981079101660e-01	-1.077938175201416035e-02
-2.274965381622314625e-02	1.502828063964843919e-01	-1.077938175201416035e-02
-2.177768993377685730e-02	1.500771560668945348e-01	-1.077938175201416035e-02
-2.083680248260498177e-02	1.497395782470703207e-01	-1.077938175201416035e-02
-1.987010288238525574e-02	1.495582275390625049e-01	-1.077938175201416035e-02
-1.888355636596679779e-02	1.496710433959961006e-01	-1.077938175201416035e-02
-1.793698501586914185e-02	1.499821395874023355e-01	-1.077938175201416035e-02
-1.706538295745849490e-02	1.504619522094726713e-01	-1.077938175201416035e-02
-1.634544563293456945e-02	1.511394500732421986e-01	-1.077938175201416035e-02
-1.597992706298828267e-02	1.520297698974609479e-01	-1.077938175201416035e-02
-1.626227474212646462e-02	1.528935470581054834e-01	-1.077938175201416035e-02
-1.706667137145996202e-02	1.534437179565429632e-01	-1.077938175201416035e-02
-1.802752113342285037e-02	1.536902313232421935e-01	-1.077938175201416035e-02
-1.901850700378418177e-02	1.538240127563476611e-01	-1.077938175201416035e-02
-2.000911140441894581e-02	1.539607086181640772e-01	-1.077938175201416035e-02
-2.100173187255859400e-02	1.540813598632812531e-01	-1.077938175201416035e-02
-2.199829864501953031e-02	1.541574020385742261e-01	-1.077938175201416035e-02
-2.299622344970703169e-02	1.541390914916992150e-01	-1.077938175201416035e-02
-2.389760398864746241e-02	1.538030929565429583e-01	-1.077938175201416035e-02
-2.441868114471435619e-02	1.530212631225585929e-01	-1.077938175201416035e-02
-2.479319953918457040e-02	1.521061706542968794e-01	-1.077938175201416035e-02
-2.553784751892089824e-02	1.516146163940429725e-01	-1.077938175201416035e-02
-2.637298679351806827e-02	1.519123764038085855e-01	-1.077938175201416035e-02
-2.712026405334472604e-02	1.525719604492187520e-01	-1.077938175201416035e-02
-2.796717643737792885e-02	1.530964050292968892e-01	-1.077938175201416035e-02
-2.887266826629638836e-02	1.535197601318359362e-01	-1.077938175201416035e-02
-2.980039501190185486e-02	1.538920822143554634e-01	-1.077938175201416035e-02
-3.074026489257812578e-02	1.542335510253906306e-01	-1.077938175201416035e-02
-3.167722606658935486e-02	1.545826644897460855e-01	-1.077938175201416035e-02
-3.259790802001952953e-02	1.549719390869140623e-01	-1.077938175201416035e-02
-3.351043128967285539e-02	1.553809051513671824e-01	-1.077938175201416035e-02
-3.442356491088867376e-02	1.557885284423828065e-01	-1.077938175201416035e-02
-3.527652931213379195e-02	1.562975006103515530e-01	-1.077938175201416035e-02
-3.596369361877441162e-02	1.570076675415039147e-01	-1.077938175201416035e-02
-3.639663696289062444e-02	1.578942642211914049e-01	-1.077938175201416035e-02
-3.628357696533203447e-02	1.588025360107421791e-01	-1.077938175201416035e-02
-3.553818130493164446e-02	1.593360748291015594e-01	-1.077938175201416035e-02
-3.455094528198242310e-02	1.593983230590820255e-01	-1.077938175201416035e-02
-3.355358123779297180e-02	1.593268737792968848e-01	-1.077938175201416035e-02
-3.255455780029296864e-02	1.592870178222656197e-01	-1.077938175201416035e-02
-3.155471706390380882e-02	1.592695312500000127e-01	-1.077938175201416035e-02
-3.055488681793212813e-02	1.592514648437499958e-01	-1.077938175201416035e-02
-2.955518245697021443e-02	1.592272415161132826e-01	-1.077938175201416035e-02
-2.855544090270996024e-02	1.592048797607421851e-01	-1.077938175201416035e-02
-2.755552577972412293e-02	1.591951675415038958e-01	-1.077938175201416035e-02
-2.655566501617431796e-02	1.592064056396484406e-01	-1.077938175201416035e-02
-2.555623435974121310e-02	1.592389602661132830e-01	-1.077938175201416035e-02
-2.455733966827392672e-02	1.592856597900390581e-01	-1.077938175201416035e-02
-2.355972099304199166e-02	1.593528900146484462e-01	-1.077938175201416035e-02
-2.256366539001464916e-02	1.594414215087890663e-01	-1.077938175201416035e-02
-2.156596279144287059e-02	1.594937667846679785e-01	-1.077352905273437460e-02
-2.057792949676513772e-02	1.594484481811523358e-01	-1.067770910263061632e-02
-1.966238880157470878e-02	1.593242797851562587e-01	-1.033904361724853616e-02
-1.877654170989990351e-02	1.592156600952148449e-01	-9.893742561340332364e-03
-1.783069992065429779e-02	1.592372817993163991e-01	-9.601175785064697266e-03
-1.688746356964111392e-02	1.594955978393554630e-01	-9.466227054595948223e-03
-1.615072774887085089e-02	1.601107711791992239e-01	-9.412825584411621191e-03
-1.594041585922241142e-02	1.610190963745117276e-01	-9.394790649414062542e-03
-1.637203884124755968e-02	1.618567886352539065e-01	-9.350323200225829634e-03
-1.709684467315673861e-02	1.622409973144531281e-01	-8.969003677368164729e-03
-1.786454010009765753e-02	1.620549926757812453e-01	-8.441115379333495941e-03
-1.844463157653808763e-02	1.613631286621093897e-01	-8.196180820465087322e-03
-1.866316604614257774e-02	1.604006271362304614e-01	-8.129767894744873227e-03
-1.871871089935302906e-02	1.594026718139648358e-01	-8.120069503784179896e-03
-1.873807048797607525e-02	1.584028854370117256e-01	-8.119248390197753365e-03
-1.874867820739746158e-02	1.574029464721679594e-01	-8.119229316711426558e-03
-1.879199981689453139e-02	1.564044799804687469e-01	-8.119229316711426558e-03
-1.892507362365722715e-02	1.554149475097656163e-01	-8.119229316711426558e-03
-1.916210365295410029e-02	1.544447326660156328e-01	-8.119229316711426558e-03
-1.954074668884277222e-02	1.535246734619140629e-01	-8.119229316711426558e-03
-2.023962783813476607e-02	1.528951492309570392e-01	-8.119229316711426558e-03
-2.082775211334228493e-02	1.531858978271484484e-01	-8.119229316711426558e-03
-2.087529945373535131e-02	1.541592330932617105e-01	-8.119229316711426558e-03
-2.071424198150634971e-02	1.551461563110351494e-01	-8.119229316711426558e-03
-2.056261825561523510e-02	1.561344757080078138e-01	-8.119229316711426558e-03
-2.047758865356445399e-02	1.571295318603515567e-01	-8.119229316711426558e-03
-2.051307964324951272e-02	1.581264877319336071e-01	-8.119229316711426558e-03
-2.078161048889160326e-02	1.590746231079101514e-01	-8.119229316711426558e-03
-2.149399280548095620e-02	1.595864028930664147e-01	-8.119229316711426558e-03
-2.226448917388916190e-02	1.592296600341796819e-01	-8.119229316711426558e-03
-2.279294967651367132e-02	1.583814926147461000e-01	-8.119229316711426558e-03
-2.345979881286621230e-02	1.576685485839843803e-01	-8.119229316711426558e-03
-2.435841846466064650e-02	1.572686996459961017e-01	-8.119229316711426558e-03
-2.534211540222168144e-02	1.571031951904297008e-01	-8.119229316711426558e-03
-2.633909511566162251e-02	1.570286026000976554e-01	-8.119229316711426558e-03
-2.733839035034179785e-02	1.570017013549804830e-01	-8.119229316711426558e-03
-2.833765411376953230e-02	1.570284576416015598e-01	-8.119229316711426558e-03
-2.933552455902099787e-02	1.570928878784179639e-01	-8.119229316711426558e-03
-3.033281707763671800e-02	1.571664123535156388e-01	-8.119229316711426558e-03
-3.133063125610351801e-02	1.572321014404296780e-01	-8.119229316711426558e-03
-3.232946681976318209e-02	1.572786560058593852e-01	-8.119229316711426558e-03
-3.332912445068359625e-02	1.573027801513671997e-01	-8.119229316711426558e-03
-3.432905387878418257e-02	1.573051071166992332e-01	-8.119229316711426558e-03
-3.532884979248047258e-02	1.572868576049804845e-01	-8.119229316711426558e-03
-3.632810401916503756e-02	1.572496261596679767e-01	-8.119229316711426558e-03
-3.732572937011718883e-02	1.571834030151367245e-01	-8.119229316711426558e-03
-3.831848716735839627e-02	1.570673751831054843e-01	-8.119229316711426558e-03
-3.929468154907226479e-02	1.568595733642578205e-01	-8.119229316711426558e-03
-4.020540809631347606e-02	1.564686126708984271e-01	-8.119229316711426558e-03
-4.091980934143066295e-02	1.558013458251953087e-01	-8.119229316711426558e-03
-4.105319023132324163e-02	1.549262847900390594e-01	-8.119229316711426558e-03
-4.043604850769043357e-02	1.542786254882812513e-01	-8.119229316711426558e-03
-3.950085449218750100e-02	1.539247512817382979e-01	-8.119229316711426558e-03
-3.855841827392578192e-02	1.535904464721679630e-01	-8.119229316711426558e-03
-3.761396217346191229e-02	1.532618026733398586e-01	-8.119229316711426558e-03
-3.667442321777343583e-02	1.529196090698242139e-01	-8.119229316711426558e-03
-3.574627876281738503e-02	1.525478591918945359e-01	-8.119229316711426558e-03
-3.483491516113281644e-02	1.521369476318359393e-01	-8.119229316711426558e-03
-3.396120071411132951e-02	1.516539230346679590e-01	-8.119229316711426558e-03
-3.318685150146484519e-02	1.510315628051757952e-01	-8.119229316711426558e-03
-3.245701599121093850e-02	1.503499832153320226e-01	-8.095052242279052873e-03
-3.169058322906494196e-02	1.498419570922851496e-01	-7.813417673110962386e-03
-3.099951457977295072e-02	1.495825729370117152e-01	-7.165865659713744999e-03
-3.032707023620605583e-02	1.493461227416992276e-01	-6.478757858276367430e-03
-2.961205291748046989e-02	1.488574523925781379e-01	-6.033483982086181550e-03
-2.915472888946533253e-02	1.480443191528320324e-01	-5.825243473052978647e-03
-2.921016025543212921e-02	1.470896606445312449e-01	-5.749839544296264822e-03
-2.966872978210449360e-02	1.462124099731445248e-01	-5.732037305831908999e-03
-3.034294223785400507e-02	1.454844360351562615e-01	-5.729444980621337807e-03
-3.120992183685302943e-02	1.450714645385742241e-01	-5.729227304458617970e-03
-3.204941940307617226e-02	1.453320312499999933e-01	-5.729223728179931585e-03
-3.259222412109374911e-02	1.461473541259765696e-01	-5.729223728179931585e-03
-3.284305763244629167e-02	1.471068344116210902e-01	-5.729223728179931585e-03
-3.295944023132324485e-02	1.480999832153320206e-01	-5.729223728179931585e-03
-3.330117416381835754e-02	1.490054168701172022e-01	-5.729223728179931585e-03
-3.407511520385742010e-02	1.495340805053710920e-01	-5.729223728179931585e-03
-3.504704856872558477e-02	1.495411224365234271e-01	-5.729223728179931585e-03
-3.596762084960937467e-02	1.491793518066406310e-01	-5.729223728179931585e-03
-3.685054206848144276e-02	1.487109298706054683e-01	-5.729223728179931585e-03
-3.779007148742676014e-02	1.483940887451171975e-01	-5.729223728179931585e-03
-3.877758979797363281e-02	1.483520736694335929e-01	-5.729223728179931585e-03
-3.967459297180175870e-02	1.487068634033203163e-01	-5.729223728179931585e-03
-4.013113212585449341e-02	1.495036315917968872e-01	-5.729223728179931585e-03
-3.990877723693847523e-02	1.504149322509765740e-01	-5.729223728179931585e-03
-3.916957664489745944e-02	1.510246276855468917e-01	-5.729223728179931585e-03
-3.824302864074707181e-02	1.514004745483398529e-01	-5.729223728179931585e-03
-3.731968688964843600e-02	1.517837142944336026e-01	-5.729223728179931585e-03
-3.642258262634277127e-02	1.522238159179687411e-01	-5.729223728179931585e-03
-3.556934356689453458e-02	1.527427978515625007e-01	-5.729223728179931585e-03
-3.479357528686523315e-02	1.533686218261718914e-01	-5.729223728179931585e-03
-3.412537193298340044e-02	1.541086502075195430e-01	-5.729223728179931585e-03
-3.355284118652343550e-02	1.549271621704101654e-01	-5.729223728179931585e-03
-3.306094360351562872e-02	1.557964859008789116e-01	-5.729223728179931585e-03
-3.265199851989745994e-02	1.567079238891601611e-01	-5.729223728179931585e-03
-3.230104064941406034e-02	1.576441497802734404e-01	-5.729223728179931585e-03
-3.196337318420409968e-02	1.585854110717773435e-01	-5.729223728179931585e-03
-3.161001777648925898e-02	1.595207901000976480e-01	-5.729223728179931585e-03
-3.116346168518066562e-02	1.604109191894531328e-01	-5.729223728179931585e-03
-3.051994514465332028e-02	1.611609573364257975e-01	-5.729223728179931585e-03
-2.964115619659423925e-02	1.615167007446288994e-01	-5.729223728179931585e-03
-2.865803623199462968e-02	1.614218521118164218e-01	-5.729223728179931585e-03
-2.771347141265869188e-02	1.614912948608398513e-01	-5.729223728179931585e-03
-2.702435684204101615e-02	1.621307144165038960e-01	-5.729223728179931585e-03
-2.645959186553955081e-02	1.629455108642578198e-01	-5.729223728179931585e-03
-2.568611049652099604e-02	1.635580291748046922e-01	-5.729223728179931585e-03
-2.476550006866455253e-02	1.639285888671875024e-01	-5.729223728179931585e-03
-2.378843975067138766e-02	1.641354675292968912e-01	-5.729223728179931585e-03
-2.280080604553222715e-02	1.642922439575195404e-01	-5.729223728179931585e-03
-2.181662464141845628e-02	1.644682540893554756e-01	-5.729223728179931585e-03
-2.084534072875976474e-02	1.647028350830078147e-01	-5.729223728179931585e-03
-1.991195678710937569e-02	1.650523529052734528e-01	-5.729223728179931585e-03
-1.907618236541748155e-02	1.655862274169921933e-01	-5.729223728179931585e-03
-1.864710903167724615e-02	1.663972778320312595e-01	-5.729223728179931585e-03
-1.904326820373535359e-02	1.671213302612304663e-01	-5.729223728179931585e-03
-1.996530818939208987e-02	1.674947357177734297e-01	-5.729223728179931585e-03
-2.094525623321533137e-02	1.676490631103515760e-01	-5.729223728179931585e-03
-2.193941307067871077e-02	1.675892105102539109e-01	-5.729223728179931585e-03
-2.292090415954589969e-02	1.674016571044922019e-01	-5.729223728179931585e-03
-2.389361858367920061e-02	1.671697387695312564e-01	-5.729223728179931585e-03
-2.486465454101562458e-02	1.669308090209961071e-01	-5.729223728179931585e-03
-2.583408641815185605e-02	1.666855239868164085e-01	-5.729223728179931585e-03
-2.679906368255615193e-02	1.664234390258789165e-01	-5.729223728179931585e-03
-2.775708770751953228e-02	1.661370773315429816e-01	-5.729223728179931585e-03
-2.870466613769531369e-02	1.658182067871093734e-01	-5.729223728179931585e-03
-2.962700080871582056e-02	1.654350509643554845e-01	-5.729223728179931585e-03
-3.051215076446533309e-02	1.649715881347656177e-01	-5.729223728179931585e-03
-3.137713432312011497e-02	1.644698028564453296e-01	-5.729223728179931585e-03
-3.223942565917968517e-02	1.639634017944336108e-01	-5.729223728179931585e-03
-3.310062980651855280e-02	1.634551391601562487e-01	-5.729223728179931585e-03
-3.396222686767578353e-02	1.629475402832031294e-01	-5.729223728179931585e-03
-3.482543373107910289e-02	1.624426956176757975e-01	-5.729223728179931585e-03
-3.569531249999999961e-02	1.619495620727539054e-01	-5.729223728179931585e-03
-3.658176231384277499e-02	1.614873504638671964e-01	-5.729223728179931585e-03
-3.749023437500000056e-02	1.610702362060546788e-01	-5.729223728179931585e-03
-3.841784667968749928e-02	1.606973266601562644e-01	-5.729223728179931585e-03
-3.935817527770996138e-02	1.603573303222656232e-01	-5.729223728179931585e-03
-4.030136871337890864e-02	1.600251235961914209e-01	-5.729223728179931585e-03
-4.123164749145508123e-02	1.596595535278320377e-01	-5.729223728179931585e-03
-4.212597274780273404e-02	1.592156295776367136e-01	-5.729223728179931585e-03
-4.298222732543945102e-02	1.586997146606445308e-01	-5.729223728179931585e-03
-4.380807876586913924e-02	1.581366424560546879e-01	-5.729223728179931585e-03
-4.459671974182129184e-02	1.575226669311523553e-01	-5.729223728179931585e-03
-4.533818054199218600e-02	1.568528823852539111e-01	-5.729223728179931585e-03
-4.602057456970214816e-02	1.561232070922851656e-01	-5.729223728179931585e-03
-4.665139198303222545e-02	1.553476867675781248e-01	-5.729223728179931585e-03
-4.726466941833495916e-02	1.545578231811523540e-01	-5.729223728179931585e-03
-4.789538574218749761e-02	1.537820663452148517e-01	-5.729223728179931585e-03
-4.855772781372070385e-02	1.530331802368164185e-01	-5.729223728179931585e-03
-4.924355125427246072e-02	1.523054809570312529e-01	-5.729223728179931585e-03
-4.993413925170898243e-02	1.515822372436523569e-01	-5.729223728179931585e-03
-5.060866546630859303e-02	1.508442153930664165e-01	-5.729223728179931585e-03
-5.124676322937012085e-02	1.500748596191406325e-01	-5.729223728179931585e-03
-5.184149551391601524e-02	1.492713623046875160e-01	-5.729223728179931585e-03
-5.241419410705566717e-02	1.484515991210937635e-01	-5.729223728179931585e-03
-5.298752403259277682e-02	1.476322784423828027e-01	-5.729223728179931585e-03
-5.357088661193847717e-02	1.468201293945312624e-01	-5.729223728179931585e-03
-5.418035316467285228e-02	1.460276565551757721e-01	-5.729223728179931585e-03
-5.500314521789551048e-02	1.451039886474609353e-01	-5.729223728179931585e-03
-4.066160202026367076e-02	1.665253906249999916e-01	-1.600273370742797893e-02
-4.126420021057129045e-02	1.669556961059570355e-01	-1.667482566833496105e-02
-4.186679840087891014e-02	1.673860092163085844e-01	-1.734691810607910320e-02
-4.246939849853515608e-02	1.678163223266601611e-01	-1.801901054382324188e-02
-4.307199668884277577e-02	1.682466354370117101e-01	-1.869110298156738403e-02
-4.367459487915038852e-02	1.686769409179687540e-01	-1.936319541931152272e-02
-4.427719306945800820e-02	1.691072463989257979e-01	-2.003528785705566487e-02
-4.487979125976562789e-02	1.695375595092773469e-01	-2.070737934112549042e-02
-4.548239135742187383e-02	1.699678726196289236e-01	-2.137947082519531250e-02
-4.608498954772949352e-02	1.703981857299804725e-01	-2.205156326293945465e-02
-4.668758773803711321e-02	1.708284988403320215e-01	-2.272365570068359333e-02
-4.729018783569335915e-02	1.712588043212890654e-01	-2.339574813842773549e-02
-4.789278602600097884e-02	1.716891098022461093e-01	-2.406784057617187417e-02
-4.849538421630859159e-02	1.721194229125976582e-01	-2.473993301391601632e-02
-4.909798240661621127e-02	1.725497360229492350e-01	-2.541202545166015847e-02
-4.970058059692383096e-02	1.729800491333007839e-01	-2.608411788940429715e-02
-5.030318069458007690e-02	1.734103546142578278e-01	-2.675620937347412270e-02
-5.090577888488769659e-02	1.738406600952148440e-01	-2.742830085754394479e-02
-5.150837707519531627e-02	1.742709732055664207e-01	-2.810039329528808694e-02
-5.211097717285156222e-02	1.747012863159179696e-01	-2.877248573303222562e-02
-5.271357536315918191e-02	1.751315994262695463e-01	-2.944457817077636777e-02
-5.331617355346679465e-02	1.755619125366210953e-01	-3.011667060852050992e-02
-5.391877174377441434e-02	1.759922180175781392e-01	-3.078876304626464860e-02
-5.452136993408203403e-02	1.764225234985351554e-01	-3.146085548400878729e-02
-5.512397003173827997e-02	1.768528366088867321e-01	-3.213294792175293291e-02
-5.572656822204589966e-02	1.772831497192382810e-01	-3.280504035949707159e-02
-5.632916641235351934e-02	1.777134628295898577e-01	-3.347713279724121027e-02
-5.693176460266113209e-02	1.781437683105468739e-01	-3.414922523498534895e-02
-5.753436279296875178e-02	1.785740737915039178e-01	-3.482131767272949457e-02
-5.813696289062500466e-02	1.790043869018554668e-01	-3.549340820312500006e-02
-5.873956108093261741e-02	1.794347000122070435e-01	-3.616549873352050554e-02
-5.934215927124023710e-02	1.798650131225585924e-01	-3.683759117126465116e-02
-5.994475936889648304e-02	1.802953186035156363e-01	-3.750968360900878984e-02
-6.054735755920410273e-02	1.807256240844726525e-01	-3.818177604675292852e-02
-6.114995574951172241e-02	1.811559371948242292e-01	-3.885386848449707414e-02
-6.175255393981933516e-02	1.815862503051757781e-01	-3.952596092224121282e-02
-6.235515213012695485e-02	1.820165634155273549e-01	-4.019805335998535151e-02
-6.295775222778320079e-02	1.824468765258789038e-01	-4.087014579772949019e-02
-6.356035041809082742e-02	1.828771820068359477e-01	-4.154223823547363581e-02
-6.416294860839844016e-02	1.833074874877929639e-01	-4.221433067321777449e-02
